6672,Person,2024-12-08 12:53:52,2024-12-08 12:55:43,"{""box"":{""left"":6418,""right"":2968,""top"":6872,""bottom"":5456},""time"":1733630032663},{""box"":{""left"":6418,""right"":2968,""top"":6872,""bottom"":5456},""time"":1733630051009},{""box"":{""left"":6418,""right"":2968,""top"":6872,""bottom"":5456},""time"":1733630056108},{""box"":{""left"":6418,""right"":2968,""top"":6872,""bottom"":5456},""time"":1733630139074},{""box"":{""left"":6418,""right"":2968,""top"":6872,""bottom"":5456},""time"":1733630140054},{""box"":{""left"":6418,""right"":2968,""top"":6872,""bottom"":5456},""time"":1733630141016},{""box"":{""left"":6418,""right"":2968,""top"":6872,""bottom"":5456},""time"":1733630142002},{""box"":{""left"":6418,""right"":2968,""top"":6872,""bottom"":5456},""time"":1733630143032}",,,,,
6701,Person,2024-12-08 12:53:52,2024-12-08 12:54:21,"{""box"":{""left"":6721,""right"":4990,""top"":7827,""bottom"":9181},""time"":1733630032732},{""box"":{""left"":6721,""right"":4990,""top"":7827,""bottom"":9181},""time"":1733630035021},{""box"":{""left"":6721,""right"":4990,""top"":7827,""bottom"":9181},""time"":1733630036026},{""box"":{""left"":6721,""right"":4990,""top"":7827,""bottom"":9181},""time"":1733630037244},{""box"":{""left"":6721,""right"":4990,""top"":7827,""bottom"":9181},""time"":1733630038036},{""box"":{""left"":6721,""right"":4990,""top"":7827,""bottom"":9181},""time"":1733630039004},{""box"":{""left"":6721,""right"":4990,""top"":7827,""bottom"":9181},""time"":1733630040027},{""box"":{""left"":6721,""right"":4990,""top"":7827,""bottom"":9181},""time"":1733630041095},{""box"":{""left"":6721,""right"":4990,""top"":7827,""bottom"":9181},""time"":1733630042049},{""box"":{""left"":6721,""right"":4990,""top"":7827,""bottom"":9181},""time"":1733630043074},{""box"":{""left"":6721,""right"":4990,""top"":7827,""bottom"":9181},""time"":1733630044135},{""box"":{""left"":6721,""right"":4990,""top"":7827,""bottom"":9181},""time"":1733630045004},{""box"":{""left"":6721,""right"":4990,""top"":7827,""bottom"":9181},""time"":1733630046031},{""box"":{""left"":6721,""right"":4990,""top"":7827,""bottom"":9181},""time"":1733630047053},{""box"":{""left"":6721,""right"":4990,""top"":7827,""bottom"":9181},""time"":1733630048013},{""box"":{""left"":6721,""right"":4990,""top"":7827,""bottom"":9181},""time"":1733630049033},{""box"":{""left"":6721,""right"":4990,""top"":7827,""bottom"":9181},""time"":1733630050046},{""box"":{""left"":6721,""right"":4990,""top"":7827,""bottom"":9181},""time"":1733630051243},{""box"":{""left"":6721,""right"":4990,""top"":7827,""bottom"":9181},""time"":1733630052031},{""box"":{""left"":6721,""right"":4990,""top"":7827,""bottom"":9181},""time"":1733630053000},{""box"":{""left"":6721,""right"":4990,""top"":7827,""bottom"":9181},""time"":1733630054038},{""box"":{""left"":6721,""right"":4990,""top"":7827,""bottom"":9181},""time"":1733630055136},{""box"":{""left"":6721,""right"":4990,""top"":7827,""bottom"":9181},""time"":1733630056047},{""box"":{""left"":6721,""right"":4990,""top"":7827,""bottom"":9181},""time"":1733630057084},{""box"":{""left"":6721,""right"":4990,""top"":7827,""bottom"":9181},""time"":1733630058013},{""box"":{""left"":6721,""right"":4990,""top"":7827,""bottom"":9181},""time"":1733630059031},{""box"":{""left"":6721,""right"":4990,""top"":7827,""bottom"":9181},""time"":1733630060056},{""box"":{""left"":6721,""right"":4990,""top"":7827,""bottom"":9181},""time"":1733630061021}",,,,,
6713,Person,2024-12-08 12:53:52,2024-12-08 12:54:07,"{""box"":{""left"":7626,""right"":3583,""top"":8234,""bottom"":5294},""time"":1733630032733},{""box"":{""left"":7626,""right"":3583,""top"":8234,""bottom"":5294},""time"":1733630036021},{""box"":{""left"":7626,""right"":3583,""top"":8234,""bottom"":5294},""time"":1733630037246},{""box"":{""left"":7626,""right"":3583,""top"":8234,""bottom"":5294},""time"":1733630038038},{""box"":{""left"":7626,""right"":3583,""top"":8234,""bottom"":5294},""time"":1733630039117},{""box"":{""left"":7626,""right"":3583,""top"":8234,""bottom"":5294},""time"":1733630040029},{""box"":{""left"":7626,""right"":3583,""top"":8234,""bottom"":5294},""time"":1733630041099},{""box"":{""left"":7626,""right"":3583,""top"":8234,""bottom"":5294},""time"":1733630042058},{""box"":{""left"":7626,""right"":3583,""top"":8234,""bottom"":5294},""time"":1733630043068},{""box"":{""left"":7626,""right"":3583,""top"":8234,""bottom"":5294},""time"":1733630044144},{""box"":{""left"":7626,""right"":3583,""top"":8234,""bottom"":5294},""time"":1733630045007},{""box"":{""left"":7626,""right"":3583,""top"":8234,""bottom"":5294},""time"":1733630046025},{""box"":{""left"":7626,""right"":3583,""top"":8234,""bottom"":5294},""time"":1733630047057}",,,,,
6719,Person,2024-12-08 12:53:52,2024-12-08 12:53:53,"{""box"":{""left"":4407,""right"":7123,""top"":5793,""bottom"":9978},""time"":1733630032728},{""box"":{""left"":4407,""right"":7123,""top"":5793,""bottom"":9978},""time"":1733630033002}",,,,,
6720,Person,2024-12-08 12:53:52,2024-12-08 12:53:56,"{""box"":{""left"":3343,""right"":3020,""top"":4049,""bottom"":6080},""time"":1733630032735},{""box"":{""left"":3343,""right"":3020,""top"":4049,""bottom"":6080},""time"":1733630033003},{""box"":{""left"":3343,""right"":3020,""top"":4049,""bottom"":6080},""time"":1733630034028},{""box"":{""left"":3343,""right"":3020,""top"":4049,""bottom"":6080},""time"":1733630035019},{""box"":{""left"":3343,""right"":3020,""top"":4049,""bottom"":6080},""time"":1733630036023}",,,,,
6721,Person,2024-12-08 12:53:52,2024-12-08 12:53:56,"{""box"":{""left"":2501,""right"":3555,""top"":3087,""bottom"":6405},""time"":1733630032736},{""box"":{""left"":2501,""right"":3555,""top"":3087,""bottom"":6405},""time"":1733630033004},{""box"":{""left"":2501,""right"":3555,""top"":3087,""bottom"":6405},""time"":1733630034029},{""box"":{""left"":2501,""right"":3555,""top"":3087,""bottom"":6405},""time"":1733630035026},{""box"":{""left"":2501,""right"":3555,""top"":3087,""bottom"":6405},""time"":1733630036088}",,,,,
6723,Person,2024-12-08 12:53:53,2024-12-08 12:54:00,"{""box"":{""left"":1814,""right"":2704,""top"":2121,""bottom"":4165},""time"":1733630033689},{""box"":{""left"":1814,""right"":2704,""top"":2121,""bottom"":4165},""time"":1733630035027},{""box"":{""left"":1814,""right"":2704,""top"":2121,""bottom"":4165},""time"":1733630036143},{""box"":{""left"":1814,""right"":2704,""top"":2121,""bottom"":4165},""time"":1733630037247},{""box"":{""left"":1814,""right"":2704,""top"":2121,""bottom"":4165},""time"":1733630038039},{""box"":{""left"":1814,""right"":2704,""top"":2121,""bottom"":4165},""time"":1733630039120},{""box"":{""left"":1814,""right"":2704,""top"":2121,""bottom"":4165},""time"":1733630040032}",,,,,
6724,Face,2024-12-08 12:53:55,2024-12-08 12:53:55,"{""box"":{""left"":6138,""right"":6222,""top"":6519,""bottom"":6811},""time"":1733630035786}","18,24",male,,,
6725,Face,2024-12-08 12:53:56,2024-12-08 12:53:56,"{""box"":{""left"":7959,""right"":8441,""top"":8378,""bottom"":9091},""time"":1733630036563}","13,17",male,,,
6726,Person,2024-12-08 12:54:05,2024-12-08 12:54:15,"{""box"":{""left"":4237,""right"":8187,""top"":5500,""bottom"":10000},""time"":1733630045747},{""box"":{""left"":4237,""right"":8187,""top"":5500,""bottom"":10000},""time"":1733630046036},{""box"":{""left"":4237,""right"":8187,""top"":5500,""bottom"":10000},""time"":1733630047000},{""box"":{""left"":4237,""right"":8187,""top"":5500,""bottom"":10000},""time"":1733630048021},{""box"":{""left"":4237,""right"":8187,""top"":5500,""bottom"":10000},""time"":1733630049088},{""box"":{""left"":4237,""right"":8187,""top"":5500,""bottom"":10000},""time"":1733630050052},{""box"":{""left"":4237,""right"":8187,""top"":5500,""bottom"":10000},""time"":1733630051246},{""box"":{""left"":4237,""right"":8187,""top"":5500,""bottom"":10000},""time"":1733630052040},{""box"":{""left"":4237,""right"":8187,""top"":5500,""bottom"":10000},""time"":1733630053003},{""box"":{""left"":4237,""right"":8187,""top"":5500,""bottom"":10000},""time"":1733630054041},{""box"":{""left"":4237,""right"":8187,""top"":5500,""bottom"":10000},""time"":1733630055140}",,,,,
6727,Person,2024-12-08 12:54:09,2024-12-08 12:54:19,"{""box"":{""left"":1781,""right"":2572,""top"":1949,""bottom"":3656},""time"":1733630049878},{""box"":{""left"":1781,""right"":2572,""top"":1949,""bottom"":3656},""time"":1733630052328},{""box"":{""left"":1781,""right"":2572,""top"":1949,""bottom"":3656},""time"":1733630053006},{""box"":{""left"":1781,""right"":2572,""top"":1949,""bottom"":3656},""time"":1733630054044},{""box"":{""left"":1781,""right"":2572,""top"":1949,""bottom"":3656},""time"":1733630055143},{""box"":{""left"":1781,""right"":2572,""top"":1949,""bottom"":3656},""time"":1733630056054},{""box"":{""left"":1781,""right"":2572,""top"":1949,""bottom"":3656},""time"":1733630057087},{""box"":{""left"":1781,""right"":2572,""top"":1949,""bottom"":3656},""time"":1733630058016},{""box"":{""left"":1781,""right"":2572,""top"":1949,""bottom"":3656},""time"":1733630059442}",,,,,
6728,Person,2024-12-08 12:54:27,2024-12-08 12:54:27,"{""box"":{""left"":6425,""right"":1812,""top"":6568,""bottom"":2760},""time"":1733630067233}",,,,,
6729,Person,2024-12-08 12:54:32,2024-12-08 12:57:25,"{""box"":{""left"":9000,""right"":5000,""top"":9900,""bottom"":7583},""time"":1733630072933},{""box"":{""left"":9000,""right"":5000,""top"":9900,""bottom"":7583},""time"":1733630074018},{""box"":{""left"":9000,""right"":5000,""top"":9900,""bottom"":7583},""time"":1733630075152},{""box"":{""left"":9000,""right"":5000,""top"":9900,""bottom"":7583},""time"":1733630076050},{""box"":{""left"":9000,""right"":5000,""top"":9900,""bottom"":7583},""time"":1733630077009},{""box"":{""left"":9000,""right"":5000,""top"":9900,""bottom"":7583},""time"":1733630078026},{""box"":{""left"":9000,""right"":5000,""top"":9900,""bottom"":7583},""time"":1733630079033},{""box"":{""left"":9000,""right"":5000,""top"":9900,""bottom"":7583},""time"":1733630080006},{""box"":{""left"":9000,""right"":5000,""top"":9900,""bottom"":7583},""time"":1733630081014},{""box"":{""left"":9000,""right"":5000,""top"":9900,""bottom"":7583},""time"":1733630082025},{""box"":{""left"":9000,""right"":5000,""top"":9900,""bottom"":7583},""time"":1733630083039},{""box"":{""left"":9000,""right"":5000,""top"":9900,""bottom"":7583},""time"":1733630084050},{""box"":{""left"":9000,""right"":5000,""top"":9900,""bottom"":7583},""time"":1733630085004},{""box"":{""left"":9000,""right"":5000,""top"":9900,""bottom"":7583},""time"":1733630086035},{""box"":{""left"":9000,""right"":5000,""top"":9900,""bottom"":7583},""time"":1733630087057},{""box"":{""left"":9000,""right"":5000,""top"":9900,""bottom"":7583},""time"":1733630088021},{""box"":{""left"":9000,""right"":5000,""top"":9900,""bottom"":7583},""time"":1733630089102},{""box"":{""left"":9000,""right"":5000,""top"":9900,""bottom"":7583},""time"":1733630090056},{""box"":{""left"":9000,""right"":5000,""top"":9900,""bottom"":7583},""time"":1733630091190},{""box"":{""left"":9000,""right"":5000,""top"":9900,""bottom"":7583},""time"":1733630092052},{""box"":{""left"":9000,""right"":5000,""top"":9900,""bottom"":7583},""time"":1733630093010},{""box"":{""left"":9000,""right"":5000,""top"":9900,""bottom"":7583},""time"":1733630094099},{""box"":{""left"":9000,""right"":5000,""top"":9900,""bottom"":7583},""time"":1733630095012},{""box"":{""left"":9000,""right"":5000,""top"":9900,""bottom"":7583},""time"":1733630096047},{""box"":{""left"":9000,""right"":5000,""top"":9900,""bottom"":7583},""time"":1733630097022},{""box"":{""left"":9000,""right"":5000,""top"":9900,""bottom"":7583},""time"":1733630098550},{""box"":{""left"":9000,""right"":5000,""top"":9900,""bottom"":7583},""time"":1733630099051},{""box"":{""left"":9000,""right"":5000,""top"":9900,""bottom"":7583},""time"":1733630100011},{""box"":{""left"":9000,""right"":5000,""top"":9900,""bottom"":7583},""time"":1733630101104},{""box"":{""left"":9000,""right"":5000,""top"":9900,""bottom"":7583},""time"":1733630102001},{""box"":{""left"":9000,""right"":5000,""top"":9900,""bottom"":7583},""time"":1733630103022},{""box"":{""left"":9000,""right"":5000,""top"":9900,""bottom"":7583},""time"":1733630104105},{""box"":{""left"":9000,""right"":5000,""top"":9900,""bottom"":7583},""time"":1733630105017},{""box"":{""left"":9000,""right"":5000,""top"":9900,""bottom"":7583},""time"":1733630106005},{""box"":{""left"":9000,""right"":5000,""top"":9900,""bottom"":7583},""time"":1733630107005},{""box"":{""left"":9000,""right"":5000,""top"":9900,""bottom"":7583},""time"":1733630108078},{""box"":{""left"":9000,""right"":5000,""top"":9900,""bottom"":7583},""time"":1733630109006},{""box"":{""left"":9000,""right"":5000,""top"":9900,""bottom"":7583},""time"":1733630110035},{""box"":{""left"":9000,""right"":5000,""top"":9900,""bottom"":7583},""time"":1733630111121},{""box"":{""left"":9000,""right"":5000,""top"":9900,""bottom"":7583},""time"":1733630112036},{""box"":{""left"":9000,""right"":5000,""top"":9900,""bottom"":7583},""time"":1733630113047},{""box"":{""left"":9000,""right"":5000,""top"":9900,""bottom"":7583},""time"":1733630114061},{""box"":{""left"":9000,""right"":5000,""top"":9900,""bottom"":7583},""time"":1733630115026},{""box"":{""left"":9000,""right"":5000,""top"":9900,""bottom"":7583},""time"":1733630116103},{""box"":{""left"":9000,""right"":5000,""top"":9900,""bottom"":7583},""time"":1733630117011},{""box"":{""left"":9000,""right"":5000,""top"":9900,""bottom"":7583},""time"":1733630118030},{""box"":{""left"":9000,""right"":5000,""top"":9900,""bottom"":7583},""time"":1733630119167},{""box"":{""left"":9000,""right"":5000,""top"":9900,""bottom"":7583},""time"":1733630120033},{""box"":{""left"":9000,""right"":5000,""top"":9900,""bottom"":7583},""time"":1733630121115},{""box"":{""left"":9000,""right"":5000,""top"":9900,""bottom"":7583},""time"":1733630122202},{""box"":{""left"":9000,""right"":5000,""top"":9900,""bottom"":7583},""time"":1733630123287},{""box"":{""left"":9000,""right"":5000,""top"":9900,""bottom"":7583},""time"":1733630124136},{""box"":{""left"":9000,""right"":5000,""top"":9900,""bottom"":7583},""time"":1733630125031},{""box"":{""left"":9000,""right"":5000,""top"":9900,""bottom"":7583},""time"":1733630126055},{""box"":{""left"":9000,""right"":5000,""top"":9900,""bottom"":7583},""time"":1733630127041},{""box"":{""left"":9000,""right"":5000,""top"":9900,""bottom"":7583},""time"":1733630128091},{""box"":{""left"":9000,""right"":5000,""top"":9900,""bottom"":7583},""time"":1733630129005},{""box"":{""left"":9000,""right"":5000,""top"":9900,""bottom"":7583},""time"":1733630130031},{""box"":{""left"":9000,""right"":5000,""top"":9900,""bottom"":7583},""time"":1733630131005},{""box"":{""left"":9000,""right"":5000,""top"":9900,""bottom"":7583},""time"":1733630132040},{""box"":{""left"":9000,""right"":5000,""top"":9900,""bottom"":7583},""time"":1733630133001},{""box"":{""left"":9000,""right"":5000,""top"":9900,""bottom"":7583},""time"":1733630134036},{""box"":{""left"":9000,""right"":5000,""top"":9900,""bottom"":7583},""time"":1733630135040},{""box"":{""left"":9000,""right"":5000,""top"":9900,""bottom"":7583},""time"":1733630136014},{""box"":{""left"":9000,""right"":5000,""top"":9900,""bottom"":7583},""time"":1733630137047},{""box"":{""left"":9000,""right"":5000,""top"":9900,""bottom"":7583},""time"":1733630138050},{""box"":{""left"":9000,""right"":5000,""top"":9900,""bottom"":7583},""time"":1733630139022},{""box"":{""left"":9000,""right"":5000,""top"":9900,""bottom"":7583},""time"":1733630140121},{""box"":{""left"":9000,""right"":5000,""top"":9900,""bottom"":7583},""time"":1733630141021},{""box"":{""left"":9000,""right"":5000,""top"":9900,""bottom"":7583},""time"":1733630142005},{""box"":{""left"":9000,""right"":5000,""top"":9900,""bottom"":7583},""time"":1733630143038},{""box"":{""left"":9000,""right"":5000,""top"":9900,""bottom"":7583},""time"":1733630144001},{""box"":{""left"":9000,""right"":5000,""top"":9900,""bottom"":7583},""time"":1733630145016},{""box"":{""left"":9000,""right"":5000,""top"":9900,""bottom"":7583},""time"":1733630146052},{""box"":{""left"":9000,""right"":5000,""top"":9900,""bottom"":7583},""time"":1733630147015},{""box"":{""left"":9000,""right"":5000,""top"":9900,""bottom"":7583},""time"":1733630148050},{""box"":{""left"":9000,""right"":5000,""top"":9900,""bottom"":7583},""time"":1733630149017},{""box"":{""left"":9000,""right"":5000,""top"":9900,""bottom"":7583},""time"":1733630150057},{""box"":{""left"":9000,""right"":5000,""top"":9900,""bottom"":7583},""time"":1733630151031},{""box"":{""left"":9000,""right"":5000,""top"":9900,""bottom"":7583},""time"":1733630152000},{""box"":{""left"":9000,""right"":5000,""top"":9900,""bottom"":7583},""time"":1733630153032},{""box"":{""left"":9000,""right"":5000,""top"":9900,""bottom"":7583},""time"":1733630154010},{""box"":{""left"":9000,""right"":5000,""top"":9900,""bottom"":7583},""time"":1733630155044},{""box"":{""left"":9000,""right"":5000,""top"":9900,""bottom"":7583},""time"":1733630156003},{""box"":{""left"":9000,""right"":5000,""top"":9900,""bottom"":7583},""time"":1733630157042},{""box"":{""left"":9000,""right"":5000,""top"":9900,""bottom"":7583},""time"":1733630158022},{""box"":{""left"":9000,""right"":5000,""top"":9900,""bottom"":7583},""time"":1733630159059},{""box"":{""left"":9000,""right"":5000,""top"":9900,""bottom"":7583},""time"":1733630160011},{""box"":{""left"":9000,""right"":5000,""top"":9900,""bottom"":7583},""time"":1733630161032},{""box"":{""left"":9000,""right"":5000,""top"":9900,""bottom"":7583},""time"":1733630162013},{""box"":{""left"":9000,""right"":5000,""top"":9900,""bottom"":7583},""time"":1733630163042},{""box"":{""left"":9000,""right"":5000,""top"":9900,""bottom"":7583},""time"":1733630164021},{""box"":{""left"":9000,""right"":5000,""top"":9900,""bottom"":7583},""time"":1733630165037},{""box"":{""left"":9000,""right"":5000,""top"":9900,""bottom"":7583},""time"":1733630166003},{""box"":{""left"":9000,""right"":5000,""top"":9900,""bottom"":7583},""time"":1733630167032},{""box"":{""left"":9000,""right"":5000,""top"":9900,""bottom"":7583},""time"":1733630168042},{""box"":{""left"":9000,""right"":5000,""top"":9900,""bottom"":7583},""time"":1733630169052},{""box"":{""left"":9000,""right"":5000,""top"":9900,""bottom"":7583},""time"":1733630170042},{""box"":{""left"":9000,""right"":5000,""top"":9900,""bottom"":7583},""time"":1733630171004},{""box"":{""left"":9000,""right"":5000,""top"":9900,""bottom"":7583},""time"":1733630172024},{""box"":{""left"":9000,""right"":5000,""top"":9900,""bottom"":7583},""time"":1733630173022},{""box"":{""left"":9000,""right"":5000,""top"":9900,""bottom"":7583},""time"":1733630174000},{""box"":{""left"":9000,""right"":5000,""top"":9900,""bottom"":7583},""time"":1733630175026},{""box"":{""left"":9000,""right"":5000,""top"":9900,""bottom"":7583},""time"":1733630176053},{""box"":{""left"":9000,""right"":5000,""top"":9900,""bottom"":7583},""time"":1733630177010},{""box"":{""left"":9000,""right"":5000,""top"":9900,""bottom"":7583},""time"":1733630178049},{""box"":{""left"":9000,""right"":5000,""top"":9900,""bottom"":7583},""time"":1733630179005},{""box"":{""left"":9000,""right"":5000,""top"":9900,""bottom"":7583},""time"":1733630180025},{""box"":{""left"":9000,""right"":5000,""top"":9900,""bottom"":7583},""time"":1733630181048},{""box"":{""left"":9000,""right"":5000,""top"":9900,""bottom"":7583},""time"":1733630182018},{""box"":{""left"":9000,""right"":5000,""top"":9900,""bottom"":7583},""time"":1733630183038},{""box"":{""left"":9000,""right"":5000,""top"":9900,""bottom"":7583},""time"":1733630184057},{""box"":{""left"":9000,""right"":5000,""top"":9900,""bottom"":7583},""time"":1733630185022},{""box"":{""left"":9000,""right"":5000,""top"":9900,""bottom"":7583},""time"":1733630186037},{""box"":{""left"":9000,""right"":5000,""top"":9900,""bottom"":7583},""time"":1733630187006},{""box"":{""left"":9000,""right"":5000,""top"":9900,""bottom"":7583},""time"":1733630188023},{""box"":{""left"":9000,""right"":5000,""top"":9900,""bottom"":7583},""time"":1733630189054},{""box"":{""left"":9000,""right"":5000,""top"":9900,""bottom"":7583},""time"":1733630190035},{""box"":{""left"":9000,""right"":5000,""top"":9900,""bottom"":7583},""time"":1733630191059},{""box"":{""left"":9000,""right"":5000,""top"":9900,""bottom"":7583},""time"":1733630192021},{""box"":{""left"":9000,""right"":5000,""top"":9900,""bottom"":7583},""time"":1733630193049},{""box"":{""left"":9000,""right"":5000,""top"":9900,""bottom"":7583},""time"":1733630194020},{""box"":{""left"":9000,""right"":5000,""top"":9900,""bottom"":7583},""time"":1733630195048},{""box"":{""left"":9000,""right"":5000,""top"":9900,""bottom"":7583},""time"":1733630196026},{""box"":{""left"":9000,""right"":5000,""top"":9900,""bottom"":7583},""time"":1733630197050},{""box"":{""left"":9000,""right"":5000,""top"":9900,""bottom"":7583},""time"":1733630198015},{""box"":{""left"":9000,""right"":5000,""top"":9900,""bottom"":7583},""time"":1733630199035},{""box"":{""left"":9000,""right"":5000,""top"":9900,""bottom"":7583},""time"":1733630200004},{""box"":{""left"":9000,""right"":5000,""top"":9900,""bottom"":7583},""time"":1733630201023},{""box"":{""left"":9000,""right"":5000,""top"":9900,""bottom"":7583},""time"":1733630202014},{""box"":{""left"":9000,""right"":5000,""top"":9900,""bottom"":7583},""time"":1733630203029},{""box"":{""left"":9000,""right"":5000,""top"":9900,""bottom"":7583},""time"":1733630204034},{""box"":{""left"":9000,""right"":5000,""top"":9900,""bottom"":7583},""time"":1733630205001},{""box"":{""left"":9000,""right"":5000,""top"":9900,""bottom"":7583},""time"":1733630206028},{""box"":{""left"":9000,""right"":5000,""top"":9900,""bottom"":7583},""time"":1733630207055},{""box"":{""left"":9000,""right"":5000,""top"":9900,""bottom"":7583},""time"":1733630208018},{""box"":{""left"":9000,""right"":5000,""top"":9900,""bottom"":7583},""time"":1733630209035},{""box"":{""left"":9000,""right"":5000,""top"":9900,""bottom"":7583},""time"":1733630210000},{""box"":{""left"":9000,""right"":5000,""top"":9900,""bottom"":7583},""time"":1733630211014},{""box"":{""left"":9000,""right"":5000,""top"":9900,""bottom"":7583},""time"":1733630212040},{""box"":{""left"":9000,""right"":5000,""top"":9900,""bottom"":7583},""time"":1733630213009},{""box"":{""left"":9000,""right"":5000,""top"":9900,""bottom"":7583},""time"":1733630214033},{""box"":{""left"":9000,""right"":5000,""top"":9900,""bottom"":7583},""time"":1733630215009},{""box"":{""left"":9000,""right"":5000,""top"":9900,""bottom"":7583},""time"":1733630216036},{""box"":{""left"":9000,""right"":5000,""top"":9900,""bottom"":7583},""time"":1733630217013},{""box"":{""left"":9000,""right"":5000,""top"":9900,""bottom"":7583},""time"":1733630218034},{""box"":{""left"":9000,""right"":5000,""top"":9900,""bottom"":7583},""time"":1733630219001},{""box"":{""left"":9000,""right"":5000,""top"":9900,""bottom"":7583},""time"":1733630220020},{""box"":{""left"":9000,""right"":5000,""top"":9900,""bottom"":7583},""time"":1733630221035},{""box"":{""left"":9000,""right"":5000,""top"":9900,""bottom"":7583},""time"":1733630222051},{""box"":{""left"":9000,""right"":5000,""top"":9900,""bottom"":7583},""time"":1733630223016},{""box"":{""left"":9000,""right"":5000,""top"":9900,""bottom"":7583},""time"":1733630224005},{""box"":{""left"":9000,""right"":5000,""top"":9900,""bottom"":7583},""time"":1733630225014},{""box"":{""left"":9000,""right"":5000,""top"":9900,""bottom"":7583},""time"":1733630226037},{""box"":{""left"":9000,""right"":5000,""top"":9900,""bottom"":7583},""time"":1733630227002},{""box"":{""left"":9000,""right"":5000,""top"":9900,""bottom"":7583},""time"":1733630228003},{""box"":{""left"":9000,""right"":5000,""top"":9900,""bottom"":7583},""time"":1733630229023},{""box"":{""left"":9000,""right"":5000,""top"":9900,""bottom"":7583},""time"":1733630230043},{""box"":{""left"":9000,""right"":5000,""top"":9900,""bottom"":7583},""time"":1733630231004},{""box"":{""left"":9000,""right"":5000,""top"":9900,""bottom"":7583},""time"":1733630232023},{""box"":{""left"":9000,""right"":5000,""top"":9900,""bottom"":7583},""time"":1733630233047},{""box"":{""left"":9000,""right"":5000,""top"":9900,""bottom"":7583},""time"":1733630234004},{""box"":{""left"":9000,""right"":5000,""top"":9900,""bottom"":7583},""time"":1733630235034},{""box"":{""left"":9000,""right"":5000,""top"":9900,""bottom"":7583},""time"":1733630236009},{""box"":{""left"":9000,""right"":5000,""top"":9900,""bottom"":7583},""time"":1733630237017},{""box"":{""left"":9000,""right"":5000,""top"":9900,""bottom"":7583},""time"":1733630238052},{""box"":{""left"":9000,""right"":5000,""top"":9900,""bottom"":7583},""time"":1733630239004},{""box"":{""left"":9000,""right"":5000,""top"":9900,""bottom"":7583},""time"":1733630240040},{""box"":{""left"":9000,""right"":5000,""top"":9900,""bottom"":7583},""time"":1733630241027},{""box"":{""left"":9000,""right"":5000,""top"":9900,""bottom"":7583},""time"":1733630242015},{""box"":{""left"":9000,""right"":5000,""top"":9900,""bottom"":7583},""time"":1733630243045},{""box"":{""left"":9000,""right"":5000,""top"":9900,""bottom"":7583},""time"":1733630244021},{""box"":{""left"":9000,""right"":5000,""top"":9900,""bottom"":7583},""time"":1733630245037}",,,,,
6730,Person,2024-12-08 12:54:34,2024-12-08 12:54:34,"{""box"":{""left"":5950,""right"":1885,""top"":6143,""bottom"":2895},""time"":1733630074801}",,,,,
6731,Person,2024-12-08 12:54:47,2024-12-08 12:54:47,"{""box"":{""left"":5942,""right"":2031,""top"":6099,""bottom"":2958},""time"":1733630087334}",,,,,
6732,Person,2024-12-08 12:54:49,2024-12-08 12:55:02,"{""box"":{""left"":6615,""right"":8508,""top"":7596,""bottom"":10000},""time"":1733630089264},{""box"":{""left"":6615,""right"":8508,""top"":7596,""bottom"":10000},""time"":1733630090060},{""box"":{""left"":6615,""right"":8508,""top"":7596,""bottom"":10000},""time"":1733630091433},{""box"":{""left"":6615,""right"":8508,""top"":7596,""bottom"":10000},""time"":1733630092001},{""box"":{""left"":6615,""right"":8508,""top"":7596,""bottom"":10000},""time"":1733630093013},{""box"":{""left"":6615,""right"":8508,""top"":7596,""bottom"":10000},""time"":1733630094323},{""box"":{""left"":6615,""right"":8508,""top"":7596,""bottom"":10000},""time"":1733630095015},{""box"":{""left"":6615,""right"":8508,""top"":7596,""bottom"":10000},""time"":1733630096101},{""box"":{""left"":6615,""right"":8508,""top"":7596,""bottom"":10000},""time"":1733630097031},{""box"":{""left"":6615,""right"":8508,""top"":7596,""bottom"":10000},""time"":1733630098611},{""box"":{""left"":6615,""right"":8508,""top"":7596,""bottom"":10000},""time"":1733630099058},{""box"":{""left"":6615,""right"":8508,""top"":7596,""bottom"":10000},""time"":1733630100019},{""box"":{""left"":6615,""right"":8508,""top"":7596,""bottom"":10000},""time"":1733630101100},{""box"":{""left"":6615,""right"":8508,""top"":7596,""bottom"":10000},""time"":1733630102002}",,,,,
6733,Person,2024-12-08 12:54:53,2024-12-08 12:55:05,"{""box"":{""left"":1737,""right"":2322,""top"":1893,""bottom"":3437},""time"":1733630093756},{""box"":{""left"":1737,""right"":2322,""top"":1893,""bottom"":3437},""time"":1733630096055},{""box"":{""left"":1737,""right"":2322,""top"":1893,""bottom"":3437},""time"":1733630097033},{""box"":{""left"":1737,""right"":2322,""top"":1893,""bottom"":3437},""time"":1733630098614},{""box"":{""left"":1737,""right"":2322,""top"":1893,""bottom"":3437},""time"":1733630099060},{""box"":{""left"":1737,""right"":2322,""top"":1893,""bottom"":3437},""time"":1733630100021},{""box"":{""left"":1737,""right"":2322,""top"":1893,""bottom"":3437},""time"":1733630101109},{""box"":{""left"":1737,""right"":2322,""top"":1893,""bottom"":3437},""time"":1733630102004},{""box"":{""left"":1737,""right"":2322,""top"":1893,""bottom"":3437},""time"":1733630103023},{""box"":{""left"":1737,""right"":2322,""top"":1893,""bottom"":3437},""time"":1733630104102},{""box"":{""left"":1737,""right"":2322,""top"":1893,""bottom"":3437},""time"":1733630105014}",,,,,
6734,Person,2024-12-08 12:54:56,2024-12-08 12:55:08,"{""box"":{""left"":1769,""right"":2541,""top"":1944,""bottom"":4050},""time"":1733630096283},{""box"":{""left"":1769,""right"":2541,""top"":1944,""bottom"":4050},""time"":1733630097036},{""box"":{""left"":1769,""right"":2541,""top"":1944,""bottom"":4050},""time"":1733630099062},{""box"":{""left"":1769,""right"":2541,""top"":1944,""bottom"":4050},""time"":1733630100024},{""box"":{""left"":1769,""right"":2541,""top"":1944,""bottom"":4050},""time"":1733630101111},{""box"":{""left"":1769,""right"":2541,""top"":1944,""bottom"":4050},""time"":1733630102005},{""box"":{""left"":1769,""right"":2541,""top"":1944,""bottom"":4050},""time"":1733630103086},{""box"":{""left"":1769,""right"":2541,""top"":1944,""bottom"":4050},""time"":1733630104108},{""box"":{""left"":1769,""right"":2541,""top"":1944,""bottom"":4050},""time"":1733630105020},{""box"":{""left"":1769,""right"":2541,""top"":1944,""bottom"":4050},""time"":1733630106006},{""box"":{""left"":1769,""right"":2541,""top"":1944,""bottom"":4050},""time"":1733630107057},{""box"":{""left"":1769,""right"":2541,""top"":1944,""bottom"":4050},""time"":1733630108082}",,,,,
6735,Person,2024-12-08 12:55:01,2024-12-08 12:55:01,"{""box"":{""left"":2168,""right"":2760,""top"":2556,""bottom"":4479},""time"":1733630101215}",,,,,
6736,Person,2024-12-08 12:55:01,2024-12-08 12:55:06,"{""box"":{""left"":2250,""right"":2854,""top"":2737,""bottom"":4812},""time"":1733630101950},{""box"":{""left"":2250,""right"":2854,""top"":2737,""bottom"":4812},""time"":1733630103025},{""box"":{""left"":2250,""right"":2854,""top"":2737,""bottom"":4812},""time"":1733630104109},{""box"":{""left"":2250,""right"":2854,""top"":2737,""bottom"":4812},""time"":1733630105021},{""box"":{""left"":2250,""right"":2854,""top"":2737,""bottom"":4812},""time"":1733630106008}",,,,,
6737,Person,2024-12-08 12:55:05,2024-12-08 12:55:13,"{""box"":{""left"":7386,""right"":8208,""top"":8474,""bottom"":9999},""time"":1733630105085},{""box"":{""left"":7386,""right"":8208,""top"":8474,""bottom"":9999},""time"":1733630106009},{""box"":{""left"":7386,""right"":8208,""top"":8474,""bottom"":9999},""time"":1733630107008},{""box"":{""left"":7386,""right"":8208,""top"":8474,""bottom"":9999},""time"":1733630108085},{""box"":{""left"":7386,""right"":8208,""top"":8474,""bottom"":9999},""time"":1733630109076},{""box"":{""left"":7386,""right"":8208,""top"":8474,""bottom"":9999},""time"":1733630110101},{""box"":{""left"":7386,""right"":8208,""top"":8474,""bottom"":9999},""time"":1733630111124},{""box"":{""left"":7386,""right"":8208,""top"":8474,""bottom"":9999},""time"":1733630112040},{""box"":{""left"":7386,""right"":8208,""top"":8474,""bottom"":9999},""time"":1733630113160}",,,,,
6739,Person,2024-12-08 12:55:15,2024-12-08 12:55:26,"{""box"":{""left"":3825,""right"":2947,""top"":4112,""bottom"":4156},""time"":1733630115202},{""box"":{""left"":3825,""right"":2947,""top"":4112,""bottom"":4156},""time"":1733630118033},{""box"":{""left"":3825,""right"":2947,""top"":4112,""bottom"":4156},""time"":1733630119573},{""box"":{""left"":3825,""right"":2947,""top"":4112,""bottom"":4156},""time"":1733630120036},{""box"":{""left"":3825,""right"":2947,""top"":4112,""bottom"":4156},""time"":1733630121001},{""box"":{""left"":3825,""right"":2947,""top"":4112,""bottom"":4156},""time"":1733630122208},{""box"":{""left"":3825,""right"":2947,""top"":4112,""bottom"":4156},""time"":1733630123000},{""box"":{""left"":3825,""right"":2947,""top"":4112,""bottom"":4156},""time"":1733630124137},{""box"":{""left"":3825,""right"":2947,""top"":4112,""bottom"":4156},""time"":1733630125035},{""box"":{""left"":3825,""right"":2947,""top"":4112,""bottom"":4156},""time"":1733630126170}",,,,,
6740,Person,2024-12-08 12:55:17,2024-12-08 12:55:27,"{""box"":{""left"":1750,""right"":2340,""top"":1937,""bottom"":3565},""time"":1733630117982},{""box"":{""left"":1750,""right"":2340,""top"":1937,""bottom"":3565},""time"":1733630119575},{""box"":{""left"":1750,""right"":2340,""top"":1937,""bottom"":3565},""time"":1733630120038},{""box"":{""left"":1750,""right"":2340,""top"":1937,""bottom"":3565},""time"":1733630121003},{""box"":{""left"":1750,""right"":2340,""top"":1937,""bottom"":3565},""time"":1733630122210},{""box"":{""left"":1750,""right"":2340,""top"":1937,""bottom"":3565},""time"":1733630123002},{""box"":{""left"":1750,""right"":2340,""top"":1937,""bottom"":3565},""time"":1733630124139},{""box"":{""left"":1750,""right"":2340,""top"":1937,""bottom"":3565},""time"":1733630125036},{""box"":{""left"":1750,""right"":2340,""top"":1937,""bottom"":3565},""time"":1733630126059},{""box"":{""left"":1750,""right"":2340,""top"":1937,""bottom"":3565},""time"":1733630127044}",,,,,
6741,Person,2024-12-08 12:55:21,2024-12-08 12:55:36,"{""box"":{""left"":1750,""right"":2337,""top"":1962,""bottom"":3421},""time"":1733630121519},{""box"":{""left"":1750,""right"":2337,""top"":1962,""bottom"":3421},""time"":1733630124141},{""box"":{""left"":1750,""right"":2337,""top"":1962,""bottom"":3421},""time"":1733630125038},{""box"":{""left"":1750,""right"":2337,""top"":1962,""bottom"":3421},""time"":1733630126060},{""box"":{""left"":1750,""right"":2337,""top"":1962,""bottom"":3421},""time"":1733630127046},{""box"":{""left"":1750,""right"":2337,""top"":1962,""bottom"":3421},""time"":1733630128791},{""box"":{""left"":1750,""right"":2337,""top"":1962,""bottom"":3421},""time"":1733630129008},{""box"":{""left"":1750,""right"":2337,""top"":1962,""bottom"":3421},""time"":1733630130034},{""box"":{""left"":1750,""right"":2337,""top"":1962,""bottom"":3421},""time"":1733630131237},{""box"":{""left"":1750,""right"":2337,""top"":1962,""bottom"":3421},""time"":1733630132034},{""box"":{""left"":1750,""right"":2337,""top"":1962,""bottom"":3421},""time"":1733630133007},{""box"":{""left"":1750,""right"":2337,""top"":1962,""bottom"":3421},""time"":1733630134026},{""box"":{""left"":1750,""right"":2337,""top"":1962,""bottom"":3421},""time"":1733630135035},{""box"":{""left"":1750,""right"":2337,""top"":1962,""bottom"":3421},""time"":1733630136009}",,,,,
6742,Person,2024-12-08 12:55:27,2024-12-08 12:55:31,"{""box"":{""left"":4089,""right"":2636,""top"":4415,""bottom"":4204},""time"":1733630127796},{""box"":{""left"":4089,""right"":2636,""top"":4415,""bottom"":4204},""time"":1733630129010},{""box"":{""left"":4089,""right"":2636,""top"":4415,""bottom"":4204},""time"":1733630130212},{""box"":{""left"":4089,""right"":2636,""top"":4415,""bottom"":4204},""time"":1733630131240}",,,,,
6743,Person,2024-12-08 12:55:34,2024-12-08 12:55:36,"{""box"":{""left"":4087,""right"":2385,""top"":4362,""bottom"":4072},""time"":1733630134981},{""box"":{""left"":4087,""right"":2385,""top"":4362,""bottom"":4072},""time"":1733630136019}",,,,,
6744,Person,2024-12-08 12:55:38,2024-12-08 12:55:38,"{""box"":{""left"":6450,""right"":1735,""top"":6618,""bottom"":2617},""time"":1733630138057}",,,,,
6745,Person,2024-12-08 12:55:38,2024-12-08 12:55:42,"{""box"":{""left"":4093,""right"":2395,""top"":4368,""bottom"":4093},""time"":1733630138617},{""box"":{""left"":4093,""right"":2395,""top"":4368,""bottom"":4093},""time"":1733630139027},{""box"":{""left"":4093,""right"":2395,""top"":4368,""bottom"":4093},""time"":1733630140124},{""box"":{""left"":4093,""right"":2395,""top"":4368,""bottom"":4093},""time"":1733630141024},{""box"":{""left"":4093,""right"":2395,""top"":4368,""bottom"":4093},""time"":1733630142070}",,,,,
6746,Person,2024-12-08 12:55:39,2024-12-08 12:56:20,"{""box"":{""left"":8937,""right"":3833,""top"":9537,""bottom"":6187},""time"":1733630139420},{""box"":{""left"":8937,""right"":3833,""top"":9537,""bottom"":6187},""time"":1733630141027},{""box"":{""left"":8937,""right"":3833,""top"":9537,""bottom"":6187},""time"":1733630142073},{""box"":{""left"":8937,""right"":3833,""top"":9537,""bottom"":6187},""time"":1733630143041},{""box"":{""left"":8937,""right"":3833,""top"":9537,""bottom"":6187},""time"":1733630144003},{""box"":{""left"":8937,""right"":3833,""top"":9537,""bottom"":6187},""time"":1733630145022},{""box"":{""left"":8937,""right"":3833,""top"":9537,""bottom"":6187},""time"":1733630146058},{""box"":{""left"":8937,""right"":3833,""top"":9537,""bottom"":6187},""time"":1733630147018},{""box"":{""left"":8937,""right"":3833,""top"":9537,""bottom"":6187},""time"":1733630148001},{""box"":{""left"":8937,""right"":3833,""top"":9537,""bottom"":6187},""time"":1733630149022},{""box"":{""left"":8937,""right"":3833,""top"":9537,""bottom"":6187},""time"":1733630150060},{""box"":{""left"":8937,""right"":3833,""top"":9537,""bottom"":6187},""time"":1733630151034},{""box"":{""left"":8937,""right"":3833,""top"":9537,""bottom"":6187},""time"":1733630152068},{""box"":{""left"":8937,""right"":3833,""top"":9537,""bottom"":6187},""time"":1733630153035},{""box"":{""left"":8937,""right"":3833,""top"":9537,""bottom"":6187},""time"":1733630154013},{""box"":{""left"":8937,""right"":3833,""top"":9537,""bottom"":6187},""time"":1733630155096},{""box"":{""left"":8937,""right"":3833,""top"":9537,""bottom"":6187},""time"":1733630156008},{""box"":{""left"":8937,""right"":3833,""top"":9537,""bottom"":6187},""time"":1733630161036},{""box"":{""left"":8937,""right"":3833,""top"":9537,""bottom"":6187},""time"":1733630163339},{""box"":{""left"":8937,""right"":3833,""top"":9537,""bottom"":6187},""time"":1733630164024},{""box"":{""left"":8937,""right"":3833,""top"":9537,""bottom"":6187},""time"":1733630165101},{""box"":{""left"":8937,""right"":3833,""top"":9537,""bottom"":6187},""time"":1733630166013},{""box"":{""left"":8937,""right"":3833,""top"":9537,""bottom"":6187},""time"":1733630167036},{""box"":{""left"":8937,""right"":3833,""top"":9537,""bottom"":6187},""time"":1733630168046},{""box"":{""left"":8937,""right"":3833,""top"":9537,""bottom"":6187},""time"":1733630169000},{""box"":{""left"":8937,""right"":3833,""top"":9537,""bottom"":6187},""time"":1733630170051},{""box"":{""left"":8937,""right"":3833,""top"":9537,""bottom"":6187},""time"":1733630171001},{""box"":{""left"":8937,""right"":3833,""top"":9537,""bottom"":6187},""time"":1733630172027},{""box"":{""left"":8937,""right"":3833,""top"":9537,""bottom"":6187},""time"":1733630173031},{""box"":{""left"":8937,""right"":3833,""top"":9537,""bottom"":6187},""time"":1733630174003},{""box"":{""left"":8937,""right"":3833,""top"":9537,""bottom"":6187},""time"":1733630175088},{""box"":{""left"":8937,""right"":3833,""top"":9537,""bottom"":6187},""time"":1733630176056},{""box"":{""left"":8937,""right"":3833,""top"":9537,""bottom"":6187},""time"":1733630177014},{""box"":{""left"":8937,""right"":3833,""top"":9537,""bottom"":6187},""time"":1733630178052},{""box"":{""left"":8937,""right"":3833,""top"":9537,""bottom"":6187},""time"":1733630179008},{""box"":{""left"":8937,""right"":3833,""top"":9537,""bottom"":6187},""time"":1733630180028}",,,,,
6747,Person,2024-12-08 12:55:39,2024-12-08 12:55:51,"{""box"":{""left"":1775,""right"":2552,""top"":1981,""bottom"":3593},""time"":1733630139421},{""box"":{""left"":1775,""right"":2552,""top"":1981,""bottom"":3593},""time"":1733630140129},{""box"":{""left"":1775,""right"":2552,""top"":1981,""bottom"":3593},""time"":1733630141029},{""box"":{""left"":1775,""right"":2552,""top"":1981,""bottom"":3593},""time"":1733630142076},{""box"":{""left"":1775,""right"":2552,""top"":1981,""bottom"":3593},""time"":1733630143044},{""box"":{""left"":1775,""right"":2552,""top"":1981,""bottom"":3593},""time"":1733630144006},{""box"":{""left"":1775,""right"":2552,""top"":1981,""bottom"":3593},""time"":1733630145025},{""box"":{""left"":1775,""right"":2552,""top"":1981,""bottom"":3593},""time"":1733630146061},{""box"":{""left"":1775,""right"":2552,""top"":1981,""bottom"":3593},""time"":1733630147021},{""box"":{""left"":1775,""right"":2552,""top"":1981,""bottom"":3593},""time"":1733630148003},{""box"":{""left"":1775,""right"":2552,""top"":1981,""bottom"":3593},""time"":1733630149025},{""box"":{""left"":1775,""right"":2552,""top"":1981,""bottom"":3593},""time"":1733630150001},{""box"":{""left"":1775,""right"":2552,""top"":1981,""bottom"":3593},""time"":1733630151028}",,,,,
6748,Person,2024-12-08 12:55:45,2024-12-08 12:55:50,"{""box"":{""left"":4050,""right"":3052,""top"":4337,""bottom"":4156},""time"":1733630145084}",,,,,
6749,Person,2024-12-08 12:55:47,2024-12-08 12:55:58,"{""box"":{""left"":8900,""right"":4562,""top"":9937,""bottom"":7604},""time"":1733630147423},{""box"":{""left"":8900,""right"":4562,""top"":9937,""bottom"":7604},""time"":1733630148007},{""box"":{""left"":8900,""right"":4562,""top"":9937,""bottom"":7604},""time"":1733630149027},{""box"":{""left"":8900,""right"":4562,""top"":9937,""bottom"":7604},""time"":1733630150004},{""box"":{""left"":8900,""right"":4562,""top"":9937,""bottom"":7604},""time"":1733630151038},{""box"":{""left"":8900,""right"":4562,""top"":9937,""bottom"":7604},""time"":1733630152071},{""box"":{""left"":8900,""right"":4562,""top"":9937,""bottom"":7604},""time"":1733630153388},{""box"":{""left"":8900,""right"":4562,""top"":9937,""bottom"":7604},""time"":1733630154368},{""box"":{""left"":8900,""right"":4562,""top"":9937,""bottom"":7604},""time"":1733630155165},{""box"":{""left"":8900,""right"":4562,""top"":9937,""bottom"":7604},""time"":1733630156133},{""box"":{""left"":8900,""right"":4562,""top"":9937,""bottom"":7604},""time"":1733630157051},{""box"":{""left"":8900,""right"":4562,""top"":9937,""bottom"":7604},""time"":1733630158080}",,,,,
6750,Person,2024-12-08 12:55:50,2024-12-08 12:57:22,"{""box"":{""left"":4031,""right"":2937,""top"":4331,""bottom"":4156},""time"":1733630150815},{""box"":{""left"":4031,""right"":2937,""top"":4331,""bottom"":4156},""time"":1733630156136},{""box"":{""left"":4031,""right"":2937,""top"":4331,""bottom"":4156},""time"":1733630157580},{""box"":{""left"":4031,""right"":2937,""top"":4331,""bottom"":4156},""time"":1733630158027},{""box"":{""left"":4031,""right"":2937,""top"":4331,""bottom"":4156},""time"":1733630159119},{""box"":{""left"":4031,""right"":2937,""top"":4331,""bottom"":4156},""time"":1733630160811},{""box"":{""left"":4031,""right"":2937,""top"":4331,""bottom"":4156},""time"":1733630161039},{""box"":{""left"":4031,""right"":2937,""top"":4331,""bottom"":4156},""time"":1733630162017},{""box"":{""left"":4031,""right"":2937,""top"":4331,""bottom"":4156},""time"":1733630163049},{""box"":{""left"":4031,""right"":2937,""top"":4331,""bottom"":4156},""time"":1733630164018},{""box"":{""left"":4031,""right"":2937,""top"":4331,""bottom"":4156},""time"":1733630165110},{""box"":{""left"":4031,""right"":2937,""top"":4331,""bottom"":4156},""time"":1733630166007},{""box"":{""left"":4031,""right"":2937,""top"":4331,""bottom"":4156},""time"":1733630167024},{""box"":{""left"":4031,""right"":2937,""top"":4331,""bottom"":4156},""time"":1733630168000},{""box"":{""left"":4031,""right"":2937,""top"":4331,""bottom"":4156},""time"":1733630169003},{""box"":{""left"":4031,""right"":2937,""top"":4331,""bottom"":4156},""time"":1733630170045},{""box"":{""left"":4031,""right"":2937,""top"":4331,""bottom"":4156},""time"":1733630171009},{""box"":{""left"":4031,""right"":2937,""top"":4331,""bottom"":4156},""time"":1733630172021},{""box"":{""left"":4031,""right"":2937,""top"":4331,""bottom"":4156},""time"":1733630173025},{""box"":{""left"":4031,""right"":2937,""top"":4331,""bottom"":4156},""time"":1733630174006},{""box"":{""left"":4031,""right"":2937,""top"":4331,""bottom"":4156},""time"":1733630175081},{""box"":{""left"":4031,""right"":2937,""top"":4331,""bottom"":4156},""time"":1733630176050},{""box"":{""left"":4031,""right"":2937,""top"":4331,""bottom"":4156},""time"":1733630177017},{""box"":{""left"":4031,""right"":2937,""top"":4331,""bottom"":4156},""time"":1733630178046},{""box"":{""left"":4031,""right"":2937,""top"":4331,""bottom"":4156},""time"":1733630179002},{""box"":{""left"":4031,""right"":2937,""top"":4331,""bottom"":4156},""time"":1733630180022},{""box"":{""left"":4031,""right"":2937,""top"":4331,""bottom"":4156},""time"":1733630181054},{""box"":{""left"":4031,""right"":2937,""top"":4331,""bottom"":4156},""time"":1733630182022},{""box"":{""left"":4031,""right"":2937,""top"":4331,""bottom"":4156},""time"":1733630183041},{""box"":{""left"":4031,""right"":2937,""top"":4331,""bottom"":4156},""time"":1733630184002},{""box"":{""left"":4031,""right"":2937,""top"":4331,""bottom"":4156},""time"":1733630185197},{""box"":{""left"":4031,""right"":2937,""top"":4331,""bottom"":4156},""time"":1733630186043},{""box"":{""left"":4031,""right"":2937,""top"":4331,""bottom"":4156},""time"":1733630187012},{""box"":{""left"":4031,""right"":2937,""top"":4331,""bottom"":4156},""time"":1733630188363},{""box"":{""left"":4031,""right"":2937,""top"":4331,""bottom"":4156},""time"":1733630189060},{""box"":{""left"":4031,""right"":2937,""top"":4331,""bottom"":4156},""time"":1733630190039},{""box"":{""left"":4031,""right"":2937,""top"":4331,""bottom"":4156},""time"":1733630191001},{""box"":{""left"":4031,""right"":2937,""top"":4331,""bottom"":4156},""time"":1733630192018},{""box"":{""left"":4031,""right"":2937,""top"":4331,""bottom"":4156},""time"":1733630193107},{""box"":{""left"":4031,""right"":2937,""top"":4331,""bottom"":4156},""time"":1733630194016},{""box"":{""left"":4031,""right"":2937,""top"":4331,""bottom"":4156},""time"":1733630195112},{""box"":{""left"":4031,""right"":2937,""top"":4331,""bottom"":4156},""time"":1733630196031},{""box"":{""left"":4031,""right"":2937,""top"":4331,""bottom"":4156},""time"":1733630197054},{""box"":{""left"":4031,""right"":2937,""top"":4331,""bottom"":4156},""time"":1733630198020},{""box"":{""left"":4031,""right"":2937,""top"":4331,""bottom"":4156},""time"":1733630199042},{""box"":{""left"":4031,""right"":2937,""top"":4331,""bottom"":4156},""time"":1733630200007},{""box"":{""left"":4031,""right"":2937,""top"":4331,""bottom"":4156},""time"":1733630201028},{""box"":{""left"":4031,""right"":2937,""top"":4331,""bottom"":4156},""time"":1733630202010},{""box"":{""left"":4031,""right"":2937,""top"":4331,""bottom"":4156},""time"":1733630203032},{""box"":{""left"":4031,""right"":2937,""top"":4331,""bottom"":4156},""time"":1733630204043},{""box"":{""left"":4031,""right"":2937,""top"":4331,""bottom"":4156},""time"":1733630205008},{""box"":{""left"":4031,""right"":2937,""top"":4331,""bottom"":4156},""time"":1733630206034},{""box"":{""left"":4031,""right"":2937,""top"":4331,""bottom"":4156},""time"":1733630207000},{""box"":{""left"":4031,""right"":2937,""top"":4331,""bottom"":4156},""time"":1733630208020},{""box"":{""left"":4031,""right"":2937,""top"":4331,""bottom"":4156},""time"":1733630209039},{""box"":{""left"":4031,""right"":2937,""top"":4331,""bottom"":4156},""time"":1733630210002},{""box"":{""left"":4031,""right"":2937,""top"":4331,""bottom"":4156},""time"":1733630211017},{""box"":{""left"":4031,""right"":2937,""top"":4331,""bottom"":4156},""time"":1733630212043},{""box"":{""left"":4031,""right"":2937,""top"":4331,""bottom"":4156},""time"":1733630213013},{""box"":{""left"":4031,""right"":2937,""top"":4331,""bottom"":4156},""time"":1733630214040},{""box"":{""left"":4031,""right"":2937,""top"":4331,""bottom"":4156},""time"":1733630215137},{""box"":{""left"":4031,""right"":2937,""top"":4331,""bottom"":4156},""time"":1733630216043},{""box"":{""left"":4031,""right"":2937,""top"":4331,""bottom"":4156},""time"":1733630217010},{""box"":{""left"":4031,""right"":2937,""top"":4331,""bottom"":4156},""time"":1733630218040},{""box"":{""left"":4031,""right"":2937,""top"":4331,""bottom"":4156},""time"":1733630219004},{""box"":{""left"":4031,""right"":2937,""top"":4331,""bottom"":4156},""time"":1733630220026},{""box"":{""left"":4031,""right"":2937,""top"":4331,""bottom"":4156},""time"":1733630221086},{""box"":{""left"":4031,""right"":2937,""top"":4331,""bottom"":4156},""time"":1733630222107},{""box"":{""left"":4031,""right"":2937,""top"":4331,""bottom"":4156},""time"":1733630223199},{""box"":{""left"":4031,""right"":2937,""top"":4331,""bottom"":4156},""time"":1733630224010},{""box"":{""left"":4031,""right"":2937,""top"":4331,""bottom"":4156},""time"":1733630225020},{""box"":{""left"":4031,""right"":2937,""top"":4331,""bottom"":4156},""time"":1733630226034},{""box"":{""left"":4031,""right"":2937,""top"":4331,""bottom"":4156},""time"":1733630227109},{""box"":{""left"":4031,""right"":2937,""top"":4331,""bottom"":4156},""time"":1733630228121},{""box"":{""left"":4031,""right"":2937,""top"":4331,""bottom"":4156},""time"":1733630229029},{""box"":{""left"":4031,""right"":2937,""top"":4331,""bottom"":4156},""time"":1733630230046},{""box"":{""left"":4031,""right"":2937,""top"":4331,""bottom"":4156},""time"":1733630231070},{""box"":{""left"":4031,""right"":2937,""top"":4331,""bottom"":4156},""time"":1733630232032},{""box"":{""left"":4031,""right"":2937,""top"":4331,""bottom"":4156},""time"":1733630233050},{""box"":{""left"":4031,""right"":2937,""top"":4331,""bottom"":4156},""time"":1733630234013},{""box"":{""left"":4031,""right"":2937,""top"":4331,""bottom"":4156},""time"":1733630235044},{""box"":{""left"":4031,""right"":2937,""top"":4331,""bottom"":4156},""time"":1733630236002},{""box"":{""left"":4031,""right"":2937,""top"":4331,""bottom"":4156},""time"":1733630241029},{""box"":{""left"":4031,""right"":2937,""top"":4331,""bottom"":4156},""time"":1733630242017}",,,,,
6751,Person,2024-12-08 12:55:51,2024-12-08 12:55:51,"{""box"":{""left"":6425,""right"":1812,""top"":6593,""bottom"":2697},""time"":1733630151442}",,,,,
6752,Person,2024-12-08 12:56:00,2024-12-08 12:56:00,"{""box"":{""left"":6431,""right"":1781,""top"":6618,""bottom"":2645},""time"":1733630160309}",,,,,
6753,Person,2024-12-08 12:56:21,2024-12-08 12:56:30,"{""box"":{""left"":6362,""right"":7604,""top"":8112,""bottom"":10000},""time"":1733630181616},{""box"":{""left"":6362,""right"":7604,""top"":8112,""bottom"":10000},""time"":1733630182030},{""box"":{""left"":6362,""right"":7604,""top"":8112,""bottom"":10000},""time"":1733630183049},{""box"":{""left"":6362,""right"":7604,""top"":8112,""bottom"":10000},""time"":1733630184005},{""box"":{""left"":6362,""right"":7604,""top"":8112,""bottom"":10000},""time"":1733630185206},{""box"":{""left"":6362,""right"":7604,""top"":8112,""bottom"":10000},""time"":1733630186046},{""box"":{""left"":6362,""right"":7604,""top"":8112,""bottom"":10000},""time"":1733630187015},{""box"":{""left"":6362,""right"":7604,""top"":8112,""bottom"":10000},""time"":1733630188371},{""box"":{""left"":6362,""right"":7604,""top"":8112,""bottom"":10000},""time"":1733630189002},{""box"":{""left"":6362,""right"":7604,""top"":8112,""bottom"":10000},""time"":1733630190047}",,,,,
6754,Person,2024-12-08 12:56:22,2024-12-08 12:56:25,"{""box"":{""left"":9006,""right"":3860,""top"":9543,""bottom"":6108},""time"":1733630182361},{""box"":{""left"":9006,""right"":3860,""top"":9543,""bottom"":6108},""time"":1733630185369}",,,,,
6755,Person,2024-12-08 12:56:27,2024-12-08 12:56:41,"{""box"":{""left"":5712,""right"":8479,""top"":6887,""bottom"":10000},""time"":1733630187868},{""box"":{""left"":5712,""right"":8479,""top"":6887,""bottom"":10000},""time"":1733630188374},{""box"":{""left"":5712,""right"":8479,""top"":6887,""bottom"":10000},""time"":1733630189005},{""box"":{""left"":5712,""right"":8479,""top"":6887,""bottom"":10000},""time"":1733630190050},{""box"":{""left"":5712,""right"":8479,""top"":6887,""bottom"":10000},""time"":1733630191004},{""box"":{""left"":5712,""right"":8479,""top"":6887,""bottom"":10000},""time"":1733630192026},{""box"":{""left"":5712,""right"":8479,""top"":6887,""bottom"":10000},""time"":1733630193109},{""box"":{""left"":5712,""right"":8479,""top"":6887,""bottom"":10000},""time"":1733630194025},{""box"":{""left"":5712,""right"":8479,""top"":6887,""bottom"":10000},""time"":1733630195121},{""box"":{""left"":5712,""right"":8479,""top"":6887,""bottom"":10000},""time"":1733630196034},{""box"":{""left"":5712,""right"":8479,""top"":6887,""bottom"":10000},""time"":1733630197062},{""box"":{""left"":5712,""right"":8479,""top"":6887,""bottom"":10000},""time"":1733630198023},{""box"":{""left"":5712,""right"":8479,""top"":6887,""bottom"":10000},""time"":1733630199045},{""box"":{""left"":5712,""right"":8479,""top"":6887,""bottom"":10000},""time"":1733630200009},{""box"":{""left"":5712,""right"":8479,""top"":6887,""bottom"":10000},""time"":1733630201087}",,,,,
6756,Person,2024-12-08 12:56:27,2024-12-08 12:56:44,"{""box"":{""left"":6925,""right"":8187,""top"":8150,""bottom"":10000},""time"":1733630187983},{""box"":{""left"":6925,""right"":8187,""top"":8150,""bottom"":10000},""time"":1733630188377},{""box"":{""left"":6925,""right"":8187,""top"":8150,""bottom"":10000},""time"":1733630189007},{""box"":{""left"":6925,""right"":8187,""top"":8150,""bottom"":10000},""time"":1733630190053},{""box"":{""left"":6925,""right"":8187,""top"":8150,""bottom"":10000},""time"":1733630191007},{""box"":{""left"":6925,""right"":8187,""top"":8150,""bottom"":10000},""time"":1733630192029},{""box"":{""left"":6925,""right"":8187,""top"":8150,""bottom"":10000},""time"":1733630193112},{""box"":{""left"":6925,""right"":8187,""top"":8150,""bottom"":10000},""time"":1733630194028},{""box"":{""left"":6925,""right"":8187,""top"":8150,""bottom"":10000},""time"":1733630195124},{""box"":{""left"":6925,""right"":8187,""top"":8150,""bottom"":10000},""time"":1733630196037},{""box"":{""left"":6925,""right"":8187,""top"":8150,""bottom"":10000},""time"":1733630197000},{""box"":{""left"":6925,""right"":8187,""top"":8150,""bottom"":10000},""time"":1733630198026},{""box"":{""left"":6925,""right"":8187,""top"":8150,""bottom"":10000},""time"":1733630199048},{""box"":{""left"":6925,""right"":8187,""top"":8150,""bottom"":10000},""time"":1733630200001},{""box"":{""left"":6925,""right"":8187,""top"":8150,""bottom"":10000},""time"":1733630201096},{""box"":{""left"":6925,""right"":8187,""top"":8150,""bottom"":10000},""time"":1733630202062},{""box"":{""left"":6925,""right"":8187,""top"":8150,""bottom"":10000},""time"":1733630203026},{""box"":{""left"":6925,""right"":8187,""top"":8150,""bottom"":10000},""time"":1733630204038}",,,,,
6757,Person,2024-12-08 12:56:28,2024-12-08 12:56:28,"{""box"":{""left"":9031,""right"":3666,""top"":9543,""bottom"":6125},""time"":1733630188550}",,,,,
6758,Person,2024-12-08 12:56:31,2024-12-08 12:56:31,"{""box"":{""left"":5937,""right"":1967,""top"":6162,""bottom"":3176},""time"":1733630191008}",,,,,
6759,Person,2024-12-08 12:56:39,2024-12-08 12:56:49,"{""box"":{""left"":5541,""right"":7269,""top"":7070,""bottom"":10000},""time"":1733630199729},{""box"":{""left"":5541,""right"":7269,""top"":7070,""bottom"":10000},""time"":1733630200014},{""box"":{""left"":5541,""right"":7269,""top"":7070,""bottom"":10000},""time"":1733630201099},{""box"":{""left"":5541,""right"":7269,""top"":7070,""bottom"":10000},""time"":1733630202071},{""box"":{""left"":5541,""right"":7269,""top"":7070,""bottom"":10000},""time"":1733630203038},{""box"":{""left"":5541,""right"":7269,""top"":7070,""bottom"":10000},""time"":1733630204162},{""box"":{""left"":5541,""right"":7269,""top"":7070,""bottom"":10000},""time"":1733630205011},{""box"":{""left"":5541,""right"":7269,""top"":7070,""bottom"":10000},""time"":1733630206037},{""box"":{""left"":5541,""right"":7269,""top"":7070,""bottom"":10000},""time"":1733630207004},{""box"":{""left"":5541,""right"":7269,""top"":7070,""bottom"":10000},""time"":1733630208025},{""box"":{""left"":5541,""right"":7269,""top"":7070,""bottom"":10000},""time"":1733630209040}",,,,,
6760,Person,2024-12-08 12:56:45,2024-12-08 12:56:47,"{""box"":{""left"":9025,""right"":3729,""top"":9543,""bottom"":6125},""time"":1733630205978}",,,,,
6761,Person,2024-12-08 12:56:55,2024-12-08 12:57:02,"{""box"":{""left"":1806,""right"":3197,""top"":2112,""bottom"":5083},""time"":1733630215250},{""box"":{""left"":1806,""right"":3197,""top"":2112,""bottom"":5083},""time"":1733630216046},{""box"":{""left"":1806,""right"":3197,""top"":2112,""bottom"":5083},""time"":1733630217019},{""box"":{""left"":1806,""right"":3197,""top"":2112,""bottom"":5083},""time"":1733630218043},{""box"":{""left"":1806,""right"":3197,""top"":2112,""bottom"":5083},""time"":1733630219007},{""box"":{""left"":1806,""right"":3197,""top"":2112,""bottom"":5083},""time"":1733630220029},{""box"":{""left"":1806,""right"":3197,""top"":2112,""bottom"":5083},""time"":1733630221094},{""box"":{""left"":1806,""right"":3197,""top"":2112,""bottom"":5083},""time"":1733630222114}",,,,,
6762,Person,2024-12-08 12:56:57,2024-12-08 12:56:57,"{""box"":{""left"":9012,""right"":3687,""top"":9537,""bottom"":6135},""time"":1733630217020}",,,,,
6763,Person,2024-12-08 12:57:02,2024-12-08 12:57:04,"{""box"":{""left"":9000,""right"":3697,""top"":9512,""bottom"":6114},""time"":1733630222116}",,,,,
6764,Person,2024-12-08 12:57:02,2024-12-08 12:57:13,"{""box"":{""left"":1775,""right"":2419,""top"":2012,""bottom"":4711},""time"":1733630222117},{""box"":{""left"":1775,""right"":2419,""top"":2012,""bottom"":4711},""time"":1733630223202},{""box"":{""left"":1775,""right"":2419,""top"":2012,""bottom"":4711},""time"":1733630224013},{""box"":{""left"":1775,""right"":2419,""top"":2012,""bottom"":4711},""time"":1733630225022},{""box"":{""left"":1775,""right"":2419,""top"":2012,""bottom"":4711},""time"":1733630226155},{""box"":{""left"":1775,""right"":2419,""top"":2012,""bottom"":4711},""time"":1733630227173},{""box"":{""left"":1775,""right"":2419,""top"":2012,""bottom"":4711},""time"":1733630228124},{""box"":{""left"":1775,""right"":2419,""top"":2012,""bottom"":4711},""time"":1733630229032},{""box"":{""left"":1775,""right"":2419,""top"":2012,""bottom"":4711},""time"":1733630230053},{""box"":{""left"":1775,""right"":2419,""top"":2012,""bottom"":4711},""time"":1733630231073},{""box"":{""left"":1775,""right"":2419,""top"":2012,""bottom"":4711},""time"":1733630232027},{""box"":{""left"":1775,""right"":2419,""top"":2012,""bottom"":4711},""time"":1733630233044}",,,,,
6765,Person,2024-12-08 12:57:03,2024-12-08 12:57:23,"{""box"":{""left"":1768,""right"":2520,""top"":1956,""bottom"":3531},""time"":1733630223665},{""box"":{""left"":1768,""right"":2520,""top"":1956,""bottom"":3531},""time"":1733630225025},{""box"":{""left"":1768,""right"":2520,""top"":1956,""bottom"":3531},""time"":1733630226157},{""box"":{""left"":1768,""right"":2520,""top"":1956,""bottom"":3531},""time"":1733630227115},{""box"":{""left"":1768,""right"":2520,""top"":1956,""bottom"":3531},""time"":1733630228126},{""box"":{""left"":1768,""right"":2520,""top"":1956,""bottom"":3531},""time"":1733630229035},{""box"":{""left"":1768,""right"":2520,""top"":1956,""bottom"":3531},""time"":1733630230056},{""box"":{""left"":1768,""right"":2520,""top"":1956,""bottom"":3531},""time"":1733630231075},{""box"":{""left"":1768,""right"":2520,""top"":1956,""bottom"":3531},""time"":1733630232036},{""box"":{""left"":1768,""right"":2520,""top"":1956,""bottom"":3531},""time"":1733630233054},{""box"":{""left"":1768,""right"":2520,""top"":1956,""bottom"":3531},""time"":1733630234008},{""box"":{""left"":1768,""right"":2520,""top"":1956,""bottom"":3531},""time"":1733630235038},{""box"":{""left"":1768,""right"":2520,""top"":1956,""bottom"":3531},""time"":1733630236006},{""box"":{""left"":1768,""right"":2520,""top"":1956,""bottom"":3531},""time"":1733630237080},{""box"":{""left"":1768,""right"":2520,""top"":1956,""bottom"":3531},""time"":1733630238048},{""box"":{""left"":1768,""right"":2520,""top"":1956,""bottom"":3531},""time"":1733630239000},{""box"":{""left"":1768,""right"":2520,""top"":1956,""bottom"":3531},""time"":1733630240043},{""box"":{""left"":1768,""right"":2520,""top"":1956,""bottom"":3531},""time"":1733630241026},{""box"":{""left"":1768,""right"":2520,""top"":1956,""bottom"":3531},""time"":1733630242013},{""box"":{""left"":1768,""right"":2520,""top"":1956,""bottom"":3531},""time"":1733630243109}",,,,,
6766,Person,2024-12-08 12:57:16,2024-12-08 12:57:22,"{""box"":{""left"":8993,""right"":3697,""top"":9518,""bottom"":6104},""time"":1733630236340},{""box"":{""left"":8993,""right"":3697,""top"":9518,""bottom"":6104},""time"":1733630241031}",,,,,
6767,Person,2024-12-08 12:57:19,2024-12-08 12:57:29,"{""box"":{""left"":7200,""right"":8229,""top"":8387,""bottom"":10000},""time"":1733630239069},{""box"":{""left"":7200,""right"":8229,""top"":8387,""bottom"":10000},""time"":1733630240055},{""box"":{""left"":7200,""right"":8229,""top"":8387,""bottom"":10000},""time"":1733630241033},{""box"":{""left"":7200,""right"":8229,""top"":8387,""bottom"":10000},""time"":1733630242020},{""box"":{""left"":7200,""right"":8229,""top"":8387,""bottom"":10000},""time"":1733630243110},{""box"":{""left"":7200,""right"":8229,""top"":8387,""bottom"":10000},""time"":1733630244024},{""box"":{""left"":7200,""right"":8229,""top"":8387,""bottom"":10000},""time"":1733630245039},{""box"":{""left"":7200,""right"":8229,""top"":8387,""bottom"":10000},""time"":1733630246001},{""box"":{""left"":7200,""right"":8229,""top"":8387,""bottom"":10000},""time"":1733630247023},{""box"":{""left"":7200,""right"":8229,""top"":8387,""bottom"":10000},""time"":1733630248043},{""box"":{""left"":7200,""right"":8229,""top"":8387,""bottom"":10000},""time"":1733630249064}",,,,,
6768,Person,2024-12-08 12:57:19,2024-12-08 12:57:21,"{""box"":{""left"":1900,""right"":4250,""top"":2437,""bottom"":7187},""time"":1733630239250},{""box"":{""left"":1900,""right"":4250,""top"":2437,""bottom"":7187},""time"":1733630240057},{""box"":{""left"":1900,""right"":4250,""top"":2437,""bottom"":7187},""time"":1733630241034}",,,,,
6769,Person,2024-12-08 12:57:19,2024-12-08 12:57:28,"{""box"":{""left"":4912,""right"":7957,""top"":6474,""bottom"":9999},""time"":1733630239317},{""box"":{""left"":4912,""right"":7957,""top"":6474,""bottom"":9999},""time"":1733630240060},{""box"":{""left"":4912,""right"":7957,""top"":6474,""bottom"":9999},""time"":1733630241035},{""box"":{""left"":4912,""right"":7957,""top"":6474,""bottom"":9999},""time"":1733630242022},{""box"":{""left"":4912,""right"":7957,""top"":6474,""bottom"":9999},""time"":1733630243112},{""box"":{""left"":4912,""right"":7957,""top"":6474,""bottom"":9999},""time"":1733630244025},{""box"":{""left"":4912,""right"":7957,""top"":6474,""bottom"":9999},""time"":1733630245040},{""box"":{""left"":4912,""right"":7957,""top"":6474,""bottom"":9999},""time"":1733630246004},{""box"":{""left"":4912,""right"":7957,""top"":6474,""bottom"":9999},""time"":1733630247026},{""box"":{""left"":4912,""right"":7957,""top"":6474,""bottom"":9999},""time"":1733630248046}",,,,,
6770,Person,2024-12-08 12:57:20,2024-12-08 12:57:36,"{""box"":{""left"":1813,""right"":2687,""top"":2025,""bottom"":4072},""time"":1733630240451},{""box"":{""left"":1813,""right"":2687,""top"":2025,""bottom"":4072},""time"":1733630241208},{""box"":{""left"":1813,""right"":2687,""top"":2025,""bottom"":4072},""time"":1733630242023},{""box"":{""left"":1813,""right"":2687,""top"":2025,""bottom"":4072},""time"":1733630243113},{""box"":{""left"":1813,""right"":2687,""top"":2025,""bottom"":4072},""time"":1733630244077},{""box"":{""left"":1813,""right"":2687,""top"":2025,""bottom"":4072},""time"":1733630245042},{""box"":{""left"":1813,""right"":2687,""top"":2025,""bottom"":4072},""time"":1733630246056},{""box"":{""left"":1813,""right"":2687,""top"":2025,""bottom"":4072},""time"":1733630247487},{""box"":{""left"":1813,""right"":2687,""top"":2025,""bottom"":4072},""time"":1733630248220},{""box"":{""left"":1813,""right"":2687,""top"":2025,""bottom"":4072},""time"":1733630249012},{""box"":{""left"":1813,""right"":2687,""top"":2025,""bottom"":4072},""time"":1733630250033},{""box"":{""left"":1813,""right"":2687,""top"":2025,""bottom"":4072},""time"":1733630251059},{""box"":{""left"":1813,""right"":2687,""top"":2025,""bottom"":4072},""time"":1733630252033},{""box"":{""left"":1813,""right"":2687,""top"":2025,""bottom"":4072},""time"":1733630253013},{""box"":{""left"":1813,""right"":2687,""top"":2025,""bottom"":4072},""time"":1733630254023},{""box"":{""left"":1813,""right"":2687,""top"":2025,""bottom"":4072},""time"":1733630255001},{""box"":{""left"":1813,""right"":2687,""top"":2025,""bottom"":4072},""time"":1733630256024}",,,,,
6771,Face,2024-12-08 12:57:21,2024-12-08 12:57:21,"{""box"":{""left"":3199,""right"":5564,""top"":3583,""bottom"":6057},""time"":1733630241088}","25,34",male,,,
6772,Person,2024-12-08 12:57:22,2024-12-08 12:57:22,"{""box"":{""left"":3814,""right"":5512,""top"":4602,""bottom"":7971},""time"":1733630242314}",,,,,
6774,Person,2024-12-08 12:57:26,2024-12-08 12:57:27,"{""box"":{""left"":9000,""right"":3705,""top"":9512,""bottom"":6096},""time"":1733630246694}",,,,,
6775,Person,2024-12-08 12:57:27,2024-12-08 12:57:30,"{""box"":{""left"":0,""right"":7125,""top"":725,""bottom"":9604},""time"":1733630247940},{""box"":{""left"":0,""right"":7125,""top"":725,""bottom"":9604},""time"":1733630248456},{""box"":{""left"":0,""right"":7125,""top"":725,""bottom"":9604},""time"":1733630249015},{""box"":{""left"":0,""right"":7125,""top"":725,""bottom"":9604},""time"":1733630250096}",,,,,
6776,Person,2024-12-08 12:57:29,2024-12-08 12:57:36,"{""box"":{""left"":6066,""right"":2581,""top"":6453,""bottom"":4554},""time"":1733630249759},{""box"":{""left"":6066,""right"":2581,""top"":6453,""bottom"":4554},""time"":1733630250036},{""box"":{""left"":6066,""right"":2581,""top"":6453,""bottom"":4554},""time"":1733630251061},{""box"":{""left"":6066,""right"":2581,""top"":6453,""bottom"":4554},""time"":1733630252036},{""box"":{""left"":6066,""right"":2581,""top"":6453,""bottom"":4554},""time"":1733630253016},{""box"":{""left"":6066,""right"":2581,""top"":6453,""bottom"":4554},""time"":1733630254026},{""box"":{""left"":6066,""right"":2581,""top"":6453,""bottom"":4554},""time"":1733630255003},{""box"":{""left"":6066,""right"":2581,""top"":6453,""bottom"":4554},""time"":1733630256030}",,,,,
6777,Person,2024-12-08 12:57:30,2024-12-08 12:58:10,"{""box"":{""left"":6400,""right"":2552,""top"":6706,""bottom"":4385},""time"":1733630250322},{""box"":{""left"":6400,""right"":2552,""top"":6706,""bottom"":4385},""time"":1733630251002},{""box"":{""left"":6400,""right"":2552,""top"":6706,""bottom"":4385},""time"":1733630252039},{""box"":{""left"":6400,""right"":2552,""top"":6706,""bottom"":4385},""time"":1733630253018},{""box"":{""left"":6400,""right"":2552,""top"":6706,""bottom"":4385},""time"":1733630254029},{""box"":{""left"":6400,""right"":2552,""top"":6706,""bottom"":4385},""time"":1733630255006},{""box"":{""left"":6400,""right"":2552,""top"":6706,""bottom"":4385},""time"":1733630256033},{""box"":{""left"":6400,""right"":2552,""top"":6706,""bottom"":4385},""time"":1733630257046},{""box"":{""left"":6400,""right"":2552,""top"":6706,""bottom"":4385},""time"":1733630258009},{""box"":{""left"":6400,""right"":2552,""top"":6706,""bottom"":4385},""time"":1733630259037},{""box"":{""left"":6400,""right"":2552,""top"":6706,""bottom"":4385},""time"":1733630260060},{""box"":{""left"":6400,""right"":2552,""top"":6706,""bottom"":4385},""time"":1733630261023},{""box"":{""left"":6400,""right"":2552,""top"":6706,""bottom"":4385},""time"":1733630262004},{""box"":{""left"":6400,""right"":2552,""top"":6706,""bottom"":4385},""time"":1733630263028},{""box"":{""left"":6400,""right"":2552,""top"":6706,""bottom"":4385},""time"":1733630264003},{""box"":{""left"":6400,""right"":2552,""top"":6706,""bottom"":4385},""time"":1733630265030},{""box"":{""left"":6400,""right"":2552,""top"":6706,""bottom"":4385},""time"":1733630266044},{""box"":{""left"":6400,""right"":2552,""top"":6706,""bottom"":4385},""time"":1733630267007},{""box"":{""left"":6400,""right"":2552,""top"":6706,""bottom"":4385},""time"":1733630268021},{""box"":{""left"":6400,""right"":2552,""top"":6706,""bottom"":4385},""time"":1733630269046},{""box"":{""left"":6400,""right"":2552,""top"":6706,""bottom"":4385},""time"":1733630270008},{""box"":{""left"":6400,""right"":2552,""top"":6706,""bottom"":4385},""time"":1733630271033},{""box"":{""left"":6400,""right"":2552,""top"":6706,""bottom"":4385},""time"":1733630272001},{""box"":{""left"":6400,""right"":2552,""top"":6706,""bottom"":4385},""time"":1733630273023},{""box"":{""left"":6400,""right"":2552,""top"":6706,""bottom"":4385},""time"":1733630274001},{""box"":{""left"":6400,""right"":2552,""top"":6706,""bottom"":4385},""time"":1733630275059},{""box"":{""left"":6400,""right"":2552,""top"":6706,""bottom"":4385},""time"":1733630276009},{""box"":{""left"":6400,""right"":2552,""top"":6706,""bottom"":4385},""time"":1733630277029},{""box"":{""left"":6400,""right"":2552,""top"":6706,""bottom"":4385},""time"":1733630278031},{""box"":{""left"":6400,""right"":2552,""top"":6706,""bottom"":4385},""time"":1733630279002},{""box"":{""left"":6400,""right"":2552,""top"":6706,""bottom"":4385},""time"":1733630280009},{""box"":{""left"":6400,""right"":2552,""top"":6706,""bottom"":4385},""time"":1733630281275},{""box"":{""left"":6400,""right"":2552,""top"":6706,""bottom"":4385},""time"":1733630282010},{""box"":{""left"":6400,""right"":2552,""top"":6706,""bottom"":4385},""time"":1733630283044},{""box"":{""left"":6400,""right"":2552,""top"":6706,""bottom"":4385},""time"":1733630284004},{""box"":{""left"":6400,""right"":2552,""top"":6706,""bottom"":4385},""time"":1733630285031},{""box"":{""left"":6400,""right"":2552,""top"":6706,""bottom"":4385},""time"":1733630286006},{""box"":{""left"":6400,""right"":2552,""top"":6706,""bottom"":4385},""time"":1733630287044},{""box"":{""left"":6400,""right"":2552,""top"":6706,""bottom"":4385},""time"":1733630288010},{""box"":{""left"":6400,""right"":2552,""top"":6706,""bottom"":4385},""time"":1733630289031},{""box"":{""left"":6400,""right"":2552,""top"":6706,""bottom"":4385},""time"":1733630290002}",,,,,
6778,Person,2024-12-08 12:57:31,2024-12-08 12:57:33,"{""box"":{""left"":1750,""right"":2343,""top"":1962,""bottom"":3364},""time"":1733630251754},{""box"":{""left"":1750,""right"":2343,""top"":1962,""bottom"":3364},""time"":1733630253075}",,,,,
6779,Person,2024-12-08 12:57:31,2024-12-08 12:57:37,"{""box"":{""left"":6281,""right"":2509,""top"":6643,""bottom"":4290},""time"":1733630251870},{""box"":{""left"":6281,""right"":2509,""top"":6643,""bottom"":4290},""time"":1733630252044},{""box"":{""left"":6281,""right"":2509,""top"":6643,""bottom"":4290},""time"":1733630253021},{""box"":{""left"":6281,""right"":2509,""top"":6643,""bottom"":4290},""time"":1733630254031},{""box"":{""left"":6281,""right"":2509,""top"":6643,""bottom"":4290},""time"":1733630255008},{""box"":{""left"":6281,""right"":2509,""top"":6643,""bottom"":4290},""time"":1733630256036},{""box"":{""left"":6281,""right"":2509,""top"":6643,""bottom"":4290},""time"":1733630257049}",,,,,
6780,Person,2024-12-08 12:57:32,2024-12-08 12:57:33,"{""box"":{""left"":787,""right"":5291,""top"":1637,""bottom"":8541},""time"":1733630252898},{""box"":{""left"":787,""right"":5291,""top"":1637,""bottom"":8541},""time"":1733630253024}",,,,,
6781,Person,2024-12-08 12:57:33,2024-12-08 12:57:34,"{""box"":{""left"":1781,""right"":2770,""top"":1943,""bottom"":3791},""time"":1733630253806}",,,,,
6782,Person,2024-12-08 12:57:33,2024-12-08 12:57:40,"{""box"":{""left"":1850,""right"":3542,""top"":2073,""bottom"":4894},""time"":1733630253922},{""box"":{""left"":1850,""right"":3542,""top"":2073,""bottom"":4894},""time"":1733630254723},{""box"":{""left"":1850,""right"":3542,""top"":2073,""bottom"":4894},""time"":1733630255010},{""box"":{""left"":1850,""right"":3542,""top"":2073,""bottom"":4894},""time"":1733630256039},{""box"":{""left"":1850,""right"":3542,""top"":2073,""bottom"":4894},""time"":1733630257339},{""box"":{""left"":1850,""right"":3542,""top"":2073,""bottom"":4894},""time"":1733630258013},{""box"":{""left"":1850,""right"":3542,""top"":2073,""bottom"":4894},""time"":1733630259041},{""box"":{""left"":1850,""right"":3542,""top"":2073,""bottom"":4894},""time"":1733630260001}",,,,,
6783,Person,2024-12-08 12:57:39,2024-12-08 12:57:45,"{""box"":{""left"":2201,""right"":2693,""top"":2435,""bottom"":4212},""time"":1733630259043},{""box"":{""left"":2201,""right"":2693,""top"":2435,""bottom"":4212},""time"":1733630260065},{""box"":{""left"":2201,""right"":2693,""top"":2435,""bottom"":4212},""time"":1733630261029},{""box"":{""left"":2201,""right"":2693,""top"":2435,""bottom"":4212},""time"":1733630262008},{""box"":{""left"":2201,""right"":2693,""top"":2435,""bottom"":4212},""time"":1733630263034},{""box"":{""left"":2201,""right"":2693,""top"":2435,""bottom"":4212},""time"":1733630264009},{""box"":{""left"":2201,""right"":2693,""top"":2435,""bottom"":4212},""time"":1733630265036}",,,,,
6784,Person,2024-12-08 12:57:40,2024-12-08 12:57:44,"{""box"":{""left"":2075,""right"":3156,""top"":2300,""bottom"":4229},""time"":1733630260631},{""box"":{""left"":2075,""right"":3156,""top"":2300,""bottom"":4229},""time"":1733630261032},{""box"":{""left"":2075,""right"":3156,""top"":2300,""bottom"":4229},""time"":1733630262011},{""box"":{""left"":2075,""right"":3156,""top"":2300,""bottom"":4229},""time"":1733630263037},{""box"":{""left"":2075,""right"":3156,""top"":2300,""bottom"":4229},""time"":1733630264012}",,,,,
6785,Person,2024-12-08 12:57:44,2024-12-08 12:57:44,"{""box"":{""left"":2606,""right"":3926,""top"":2962,""bottom"":5634},""time"":1733630264063}",,,,,
6786,Person,2024-12-08 12:57:44,2024-12-08 12:57:53,"{""box"":{""left"":9000,""right"":3666,""top"":9524,""bottom"":6135},""time"":1733630264237}",,,,,
6787,Person,2024-12-08 12:57:45,2024-12-08 12:57:45,"{""box"":{""left"":2174,""right"":4479,""top"":2560,""bottom"":6415},""time"":1733630265212}",,,,,
6788,Person,2024-12-08 12:57:46,2024-12-08 12:57:49,"{""box"":{""left"":961,""right"":5270,""top"":1836,""bottom"":8686},""time"":1733630266052},{""box"":{""left"":961,""right"":5270,""top"":1836,""bottom"":8686},""time"":1733630267011},{""box"":{""left"":961,""right"":5270,""top"":1836,""bottom"":8686},""time"":1733630268027},{""box"":{""left"":961,""right"":5270,""top"":1836,""bottom"":8686},""time"":1733630269001}",,,,,
6789,Person,2024-12-08 12:57:47,2024-12-08 12:57:51,"{""box"":{""left"":1125,""right"":6416,""top"":1862,""bottom"":8874},""time"":1733630267751},{""box"":{""left"":1125,""right"":6416,""top"":1862,""bottom"":8874},""time"":1733630268031},{""box"":{""left"":1125,""right"":6416,""top"":1862,""bottom"":8874},""time"":1733630269005},{""box"":{""left"":1125,""right"":6416,""top"":1862,""bottom"":8874},""time"":1733630270014},{""box"":{""left"":1125,""right"":6416,""top"":1862,""bottom"":8874},""time"":1733630271039}",,,,,
6790,Person,2024-12-08 12:57:48,2024-12-08 12:57:48,"{""box"":{""left"":1081,""right"":8833,""top"":1818,""bottom"":10000},""time"":1733630268141}",,,,,
6791,Person,2024-12-08 12:57:48,2024-12-08 12:57:48,"{""box"":{""left"":773,""right"":6616,""top"":1144,""bottom"":7762},""time"":1733630268314}",,,,,
6792,Person,2024-12-08 12:57:49,2024-12-08 12:57:51,"{""box"":{""left"":600,""right"":8187,""top"":1375,""bottom"":10000},""time"":1733630269793},{""box"":{""left"":600,""right"":8187,""top"":1375,""bottom"":10000},""time"":1733630271042}",,,,,
6795,Person,2024-12-08 12:57:59,2024-12-08 12:58:09,"{""box"":{""left"":1793,""right"":2625,""top"":1987,""bottom"":4125},""time"":1733630279788},{""box"":{""left"":1793,""right"":2625,""top"":1987,""bottom"":4125},""time"":1733630280011},{""box"":{""left"":1793,""right"":2625,""top"":1987,""bottom"":4125},""time"":1733630281051},{""box"":{""left"":1793,""right"":2625,""top"":1987,""bottom"":4125},""time"":1733630282013},{""box"":{""left"":1793,""right"":2625,""top"":1987,""bottom"":4125},""time"":1733630283047},{""box"":{""left"":1793,""right"":2625,""top"":1987,""bottom"":4125},""time"":1733630284007},{""box"":{""left"":1793,""right"":2625,""top"":1987,""bottom"":4125},""time"":1733630285037},{""box"":{""left"":1793,""right"":2625,""top"":1987,""bottom"":4125},""time"":1733630286013},{""box"":{""left"":1793,""right"":2625,""top"":1987,""bottom"":4125},""time"":1733630287050},{""box"":{""left"":1793,""right"":2625,""top"":1987,""bottom"":4125},""time"":1733630288016},{""box"":{""left"":1793,""right"":2625,""top"":1987,""bottom"":4125},""time"":1733630289037}",,,,,
6796,Person,2024-12-08 12:58:01,2024-12-08 12:58:01,"{""box"":{""left"":6075,""right"":2083,""top"":6212,""bottom"":3072},""time"":1733630281666}",,,,,
6797,Person,2024-12-08 12:58:01,2024-12-08 12:58:17,"{""box"":{""left"":1817,""right"":2500,""top"":1992,""bottom"":3780},""time"":1733630281962},{""box"":{""left"":1817,""right"":2500,""top"":1992,""bottom"":3780},""time"":1733630284009},{""box"":{""left"":1817,""right"":2500,""top"":1992,""bottom"":3780},""time"":1733630285039},{""box"":{""left"":1817,""right"":2500,""top"":1992,""bottom"":3780},""time"":1733630286016},{""box"":{""left"":1817,""right"":2500,""top"":1992,""bottom"":3780},""time"":1733630287053},{""box"":{""left"":1817,""right"":2500,""top"":1992,""bottom"":3780},""time"":1733630288019},{""box"":{""left"":1817,""right"":2500,""top"":1992,""bottom"":3780},""time"":1733630289040},{""box"":{""left"":1817,""right"":2500,""top"":1992,""bottom"":3780},""time"":1733630290005},{""box"":{""left"":1817,""right"":2500,""top"":1992,""bottom"":3780},""time"":1733630291013},{""box"":{""left"":1817,""right"":2500,""top"":1992,""bottom"":3780},""time"":1733630292571},{""box"":{""left"":1817,""right"":2500,""top"":1992,""bottom"":3780},""time"":1733630293031},{""box"":{""left"":1817,""right"":2500,""top"":1992,""bottom"":3780},""time"":1733630295099},{""box"":{""left"":1817,""right"":2500,""top"":1992,""bottom"":3780},""time"":1733630296000},{""box"":{""left"":1817,""right"":2500,""top"":1992,""bottom"":3780},""time"":1733630297014}",,,,,
6798,Person,2024-12-08 12:58:03,2024-12-08 12:58:12,"{""box"":{""left"":9000,""right"":3714,""top"":9562,""bottom"":6118},""time"":1733630283211},{""box"":{""left"":9000,""right"":3714,""top"":9562,""bottom"":6118},""time"":1733630291129}",,,,,
6799,Person,2024-12-08 12:58:06,2024-12-08 12:58:48,"{""box"":{""left"":5862,""right"":8000,""top"":7237,""bottom"":10000},""time"":1733630286067},{""box"":{""left"":5862,""right"":8000,""top"":7237,""bottom"":10000},""time"":1733630287056},{""box"":{""left"":5862,""right"":8000,""top"":7237,""bottom"":10000},""time"":1733630288022},{""box"":{""left"":5862,""right"":8000,""top"":7237,""bottom"":10000},""time"":1733630289045},{""box"":{""left"":5862,""right"":8000,""top"":7237,""bottom"":10000},""time"":1733630290010},{""box"":{""left"":5862,""right"":8000,""top"":7237,""bottom"":10000},""time"":1733630291017},{""box"":{""left"":5862,""right"":8000,""top"":7237,""bottom"":10000},""time"":1733630292063},{""box"":{""left"":5862,""right"":8000,""top"":7237,""bottom"":10000},""time"":1733630293037},{""box"":{""left"":5862,""right"":8000,""top"":7237,""bottom"":10000},""time"":1733630294031},{""box"":{""left"":5862,""right"":8000,""top"":7237,""bottom"":10000},""time"":1733630295048},{""box"":{""left"":5862,""right"":8000,""top"":7237,""bottom"":10000},""time"":1733630296003},{""box"":{""left"":5862,""right"":8000,""top"":7237,""bottom"":10000},""time"":1733630297017},{""box"":{""left"":5862,""right"":8000,""top"":7237,""bottom"":10000},""time"":1733630298023},{""box"":{""left"":5862,""right"":8000,""top"":7237,""bottom"":10000},""time"":1733630299003},{""box"":{""left"":5862,""right"":8000,""top"":7237,""bottom"":10000},""time"":1733630300012},{""box"":{""left"":5862,""right"":8000,""top"":7237,""bottom"":10000},""time"":1733630301030},{""box"":{""left"":5862,""right"":8000,""top"":7237,""bottom"":10000},""time"":1733630302034},{""box"":{""left"":5862,""right"":8000,""top"":7237,""bottom"":10000},""time"":1733630303058},{""box"":{""left"":5862,""right"":8000,""top"":7237,""bottom"":10000},""time"":1733630304014},{""box"":{""left"":5862,""right"":8000,""top"":7237,""bottom"":10000},""time"":1733630305043},{""box"":{""left"":5862,""right"":8000,""top"":7237,""bottom"":10000},""time"":1733630306045},{""box"":{""left"":5862,""right"":8000,""top"":7237,""bottom"":10000},""time"":1733630307058},{""box"":{""left"":5862,""right"":8000,""top"":7237,""bottom"":10000},""time"":1733630308017},{""box"":{""left"":5862,""right"":8000,""top"":7237,""bottom"":10000},""time"":1733630309029},{""box"":{""left"":5862,""right"":8000,""top"":7237,""bottom"":10000},""time"":1733630310041},{""box"":{""left"":5862,""right"":8000,""top"":7237,""bottom"":10000},""time"":1733630311002},{""box"":{""left"":5862,""right"":8000,""top"":7237,""bottom"":10000},""time"":1733630312030},{""box"":{""left"":5862,""right"":8000,""top"":7237,""bottom"":10000},""time"":1733630313005},{""box"":{""left"":5862,""right"":8000,""top"":7237,""bottom"":10000},""time"":1733630314025},{""box"":{""left"":5862,""right"":8000,""top"":7237,""bottom"":10000},""time"":1733630315034},{""box"":{""left"":5862,""right"":8000,""top"":7237,""bottom"":10000},""time"":1733630316007},{""box"":{""left"":5862,""right"":8000,""top"":7237,""bottom"":10000},""time"":1733630317023},{""box"":{""left"":5862,""right"":8000,""top"":7237,""bottom"":10000},""time"":1733630318037},{""box"":{""left"":5862,""right"":8000,""top"":7237,""bottom"":10000},""time"":1733630319000},{""box"":{""left"":5862,""right"":8000,""top"":7237,""bottom"":10000},""time"":1733630320034},{""box"":{""left"":5862,""right"":8000,""top"":7237,""bottom"":10000},""time"":1733630321006},{""box"":{""left"":5862,""right"":8000,""top"":7237,""bottom"":10000},""time"":1733630322033},{""box"":{""left"":5862,""right"":8000,""top"":7237,""bottom"":10000},""time"":1733630323005},{""box"":{""left"":5862,""right"":8000,""top"":7237,""bottom"":10000},""time"":1733630324041},{""box"":{""left"":5862,""right"":8000,""top"":7237,""bottom"":10000},""time"":1733630325000},{""box"":{""left"":5862,""right"":8000,""top"":7237,""bottom"":10000},""time"":1733630326036},{""box"":{""left"":5862,""right"":8000,""top"":7237,""bottom"":10000},""time"":1733630327033},{""box"":{""left"":5862,""right"":8000,""top"":7237,""bottom"":10000},""time"":1733630328021}",,,,,
6800,Person,2024-12-08 12:58:09,2024-12-08 12:58:11,"{""box"":{""left"":8456,""right"":4312,""top"":8843,""bottom"":5916},""time"":1733630289894},{""box"":{""left"":8456,""right"":4312,""top"":8843,""bottom"":5916},""time"":1733630290013},{""box"":{""left"":8456,""right"":4312,""top"":8843,""bottom"":5916},""time"":1733630291020}",,,,,
6801,Person,2024-12-08 12:58:20,2024-12-08 12:58:22,"{""box"":{""left"":9000,""right"":3687,""top"":9524,""bottom"":6104},""time"":1733630300526}",,,,,
6802,Person,2024-12-08 12:58:26,2024-12-08 12:58:32,"{""box"":{""left"":9012,""right"":3697,""top"":9518,""bottom"":6114},""time"":1733630306775}",,,,,
6803,Person,2024-12-08 12:58:32,2024-12-08 12:58:36,"{""box"":{""left"":1750,""right"":2416,""top"":1943,""bottom"":3531},""time"":1733630312271},{""box"":{""left"":1750,""right"":2416,""top"":1943,""bottom"":3531},""time"":1733630314031},{""box"":{""left"":1750,""right"":2416,""top"":1943,""bottom"":3531},""time"":1733630316245}",,,,,
6804,Person,2024-12-08 12:58:34,2024-12-08 12:58:48,"{""box"":{""left"":1967,""right"":2781,""top"":2267,""bottom"":4229},""time"":1733630314824},{""box"":{""left"":1967,""right"":2781,""top"":2267,""bottom"":4229},""time"":1733630316014},{""box"":{""left"":1967,""right"":2781,""top"":2267,""bottom"":4229},""time"":1733630317030},{""box"":{""left"":1967,""right"":2781,""top"":2267,""bottom"":4229},""time"":1733630318040},{""box"":{""left"":1967,""right"":2781,""top"":2267,""bottom"":4229},""time"":1733630319005},{""box"":{""left"":1967,""right"":2781,""top"":2267,""bottom"":4229},""time"":1733630320037},{""box"":{""left"":1967,""right"":2781,""top"":2267,""bottom"":4229},""time"":1733630321011},{""box"":{""left"":1967,""right"":2781,""top"":2267,""bottom"":4229},""time"":1733630322038},{""box"":{""left"":1967,""right"":2781,""top"":2267,""bottom"":4229},""time"":1733630323007},{""box"":{""left"":1967,""right"":2781,""top"":2267,""bottom"":4229},""time"":1733630324046},{""box"":{""left"":1967,""right"":2781,""top"":2267,""bottom"":4229},""time"":1733630325002},{""box"":{""left"":1967,""right"":2781,""top"":2267,""bottom"":4229},""time"":1733630326157},{""box"":{""left"":1967,""right"":2781,""top"":2267,""bottom"":4229},""time"":1733630327036},{""box"":{""left"":1967,""right"":2781,""top"":2267,""bottom"":4229},""time"":1733630328024}",,,,,
6805,Person,2024-12-08 12:58:36,2024-12-08 12:58:42,"{""box"":{""left"":5924,""right"":8708,""top"":7237,""bottom"":10000},""time"":1733630316075},{""box"":{""left"":5924,""right"":8708,""top"":7237,""bottom"":10000},""time"":1733630317420},{""box"":{""left"":5924,""right"":8708,""top"":7237,""bottom"":10000},""time"":1733630318043},{""box"":{""left"":5924,""right"":8708,""top"":7237,""bottom"":10000},""time"":1733630319008},{""box"":{""left"":5924,""right"":8708,""top"":7237,""bottom"":10000},""time"":1733630320039},{""box"":{""left"":5924,""right"":8708,""top"":7237,""bottom"":10000},""time"":1733630321013},{""box"":{""left"":5924,""right"":8708,""top"":7237,""bottom"":10000},""time"":1733630322040}",,,,,
6806,Person,2024-12-08 12:58:37,2024-12-08 12:58:52,"{""box"":{""left"":8011,""right"":8562,""top"":8998,""bottom"":10000},""time"":1733630317636},{""box"":{""left"":8011,""right"":8562,""top"":8998,""bottom"":10000},""time"":1733630318156},{""box"":{""left"":8011,""right"":8562,""top"":8998,""bottom"":10000},""time"":1733630319236},{""box"":{""left"":8011,""right"":8562,""top"":8998,""bottom"":10000},""time"":1733630320270},{""box"":{""left"":8011,""right"":8562,""top"":8998,""bottom"":10000},""time"":1733630322215},{""box"":{""left"":8011,""right"":8562,""top"":8998,""bottom"":10000},""time"":1733630323010},{""box"":{""left"":8011,""right"":8562,""top"":8998,""bottom"":10000},""time"":1733630324049},{""box"":{""left"":8011,""right"":8562,""top"":8998,""bottom"":10000},""time"":1733630325004},{""box"":{""left"":8011,""right"":8562,""top"":8998,""bottom"":10000},""time"":1733630326337},{""box"":{""left"":8011,""right"":8562,""top"":8998,""bottom"":10000},""time"":1733630327098},{""box"":{""left"":8011,""right"":8562,""top"":8998,""bottom"":10000},""time"":1733630328025},{""box"":{""left"":8011,""right"":8562,""top"":8998,""bottom"":10000},""time"":1733630329013},{""box"":{""left"":8011,""right"":8562,""top"":8998,""bottom"":10000},""time"":1733630330038},{""box"":{""left"":8011,""right"":8562,""top"":8998,""bottom"":10000},""time"":1733630331014},{""box"":{""left"":8011,""right"":8562,""top"":8998,""bottom"":10000},""time"":1733630332115}",,,,,
6807,Person,2024-12-08 12:58:37,2024-12-08 12:58:52,"{""box"":{""left"":2011,""right"":2614,""top"":2223,""bottom"":3311},""time"":1733630317695},{""box"":{""left"":2011,""right"":2614,""top"":2223,""bottom"":3311},""time"":1733630318333},{""box"":{""left"":2011,""right"":2614,""top"":2223,""bottom"":3311},""time"":1733630319010},{""box"":{""left"":2011,""right"":2614,""top"":2223,""bottom"":3311},""time"":1733630320042},{""box"":{""left"":2011,""right"":2614,""top"":2223,""bottom"":3311},""time"":1733630321017},{""box"":{""left"":2011,""right"":2614,""top"":2223,""bottom"":3311},""time"":1733630322043},{""box"":{""left"":2011,""right"":2614,""top"":2223,""bottom"":3311},""time"":1733630323013},{""box"":{""left"":2011,""right"":2614,""top"":2223,""bottom"":3311},""time"":1733630324051},{""box"":{""left"":2011,""right"":2614,""top"":2223,""bottom"":3311},""time"":1733630325006},{""box"":{""left"":2011,""right"":2614,""top"":2223,""bottom"":3311},""time"":1733630326339},{""box"":{""left"":2011,""right"":2614,""top"":2223,""bottom"":3311},""time"":1733630327099},{""box"":{""left"":2011,""right"":2614,""top"":2223,""bottom"":3311},""time"":1733630328027},{""box"":{""left"":2011,""right"":2614,""top"":2223,""bottom"":3311},""time"":1733630329014},{""box"":{""left"":2011,""right"":2614,""top"":2223,""bottom"":3311},""time"":1733630330040},{""box"":{""left"":2011,""right"":2614,""top"":2223,""bottom"":3311},""time"":1733630331012},{""box"":{""left"":2011,""right"":2614,""top"":2223,""bottom"":3311},""time"":1733630332117}",,,,,
6808,Person,2024-12-08 12:58:38,2024-12-08 12:58:52,"{""box"":{""left"":9012,""right"":3697,""top"":9543,""bottom"":6114},""time"":1733630318732},{""box"":{""left"":9012,""right"":3697,""top"":9543,""bottom"":6114},""time"":1733630324388},{""box"":{""left"":9012,""right"":3697,""top"":9543,""bottom"":6114},""time"":1733630325122}",,,,,
6809,Person,2024-12-08 12:58:38,2024-12-08 12:58:52,"{""box"":{""left"":2231,""right"":2666,""top"":2549,""bottom"":3645},""time"":1733630318894},{""box"":{""left"":2231,""right"":2666,""top"":2549,""bottom"":3645},""time"":1733630320162},{""box"":{""left"":2231,""right"":2666,""top"":2549,""bottom"":3645},""time"":1733630321021},{""box"":{""left"":2231,""right"":2666,""top"":2549,""bottom"":3645},""time"":1733630322047},{""box"":{""left"":2231,""right"":2666,""top"":2549,""bottom"":3645},""time"":1733630323075},{""box"":{""left"":2231,""right"":2666,""top"":2549,""bottom"":3645},""time"":1733630324053},{""box"":{""left"":2231,""right"":2666,""top"":2549,""bottom"":3645},""time"":1733630325008},{""box"":{""left"":2231,""right"":2666,""top"":2549,""bottom"":3645},""time"":1733630326646},{""box"":{""left"":2231,""right"":2666,""top"":2549,""bottom"":3645},""time"":1733630327155},{""box"":{""left"":2231,""right"":2666,""top"":2549,""bottom"":3645},""time"":1733630328088},{""box"":{""left"":2231,""right"":2666,""top"":2549,""bottom"":3645},""time"":1733630329011},{""box"":{""left"":2231,""right"":2666,""top"":2549,""bottom"":3645},""time"":1733630330037},{""box"":{""left"":2231,""right"":2666,""top"":2549,""bottom"":3645},""time"":1733630331078},{""box"":{""left"":2231,""right"":2666,""top"":2549,""bottom"":3645},""time"":1733630332237}",,,,,
6810,Person,2024-12-08 12:58:44,2024-12-08 12:58:52,"{""box"":{""left"":7092,""right"":7600,""top"":8472,""bottom"":9983},""time"":1733630324958},{""box"":{""left"":7092,""right"":7600,""top"":8472,""bottom"":9983},""time"":1733630326649},{""box"":{""left"":7092,""right"":7600,""top"":8472,""bottom"":9983},""time"":1733630327157},{""box"":{""left"":7092,""right"":7600,""top"":8472,""bottom"":9983},""time"":1733630328141},{""box"":{""left"":7092,""right"":7600,""top"":8472,""bottom"":9983},""time"":1733630329018},{""box"":{""left"":7092,""right"":7600,""top"":8472,""bottom"":9983},""time"":1733630330043},{""box"":{""left"":7092,""right"":7600,""top"":8472,""bottom"":9983},""time"":1733630331080},{""box"":{""left"":7092,""right"":7600,""top"":8472,""bottom"":9983},""time"":1733630332120}",,,,,
6811,Face,2024-12-08 12:58:46,2024-12-08 12:58:46,"{""box"":{""left"":4302,""right"":6264,""top"":4744,""bottom"":6906},""time"":1733630326630}","18,24",male,,,
6812,Person,2024-12-08 12:58:46,2024-12-08 12:58:51,"{""box"":{""left"":1731,""right"":2330,""top"":1912,""bottom"":3341},""time"":1733630326815},{""box"":{""left"":1731,""right"":2330,""top"":1912,""bottom"":3341},""time"":1733630329019},{""box"":{""left"":1731,""right"":2330,""top"":1912,""bottom"":3341},""time"":1733630330045},{""box"":{""left"":1731,""right"":2330,""top"":1912,""bottom"":3341},""time"":1733630331081}",,,,,
6813,Face,2024-12-08 12:58:47,2024-12-08 12:58:47,"{""box"":{""left"":5309,""right"":7271,""top"":5675,""bottom"":7712},""time"":1733630327450}","6,12",female,,,
6814,Person,2024-12-08 12:58:49,2024-12-08 12:58:50,"{""box"":{""left"":1851,""right"":2619,""top"":2189,""bottom"":4104},""time"":1733630329753},{""box"":{""left"":1851,""right"":2619,""top"":2189,""bottom"":4104},""time"":1733630330046}",,,,,
6815,Person,2024-12-08 12:58:50,2024-12-08 12:58:52,"{""box"":{""left"":1781,""right"":2541,""top"":2000,""bottom"":3821},""time"":1733630330164},{""box"":{""left"":1781,""right"":2541,""top"":2000,""bottom"":3821},""time"":1733630331949},{""box"":{""left"":1781,""right"":2541,""top"":2000,""bottom"":3821},""time"":1733630332123}",,,,,