47364,Person,2024-10-25 19:40:04,2024-10-25 19:40:04,{"left":8343,"right":2728,"top":8718,"bottom":4301},,,,,
47365,Person,2024-10-25 19:40:06,2024-10-25 19:40:10,{"left":8350,"right":2718,"top":8668,"bottom":3843},{"box":{"left":8350,"right":2718,"top":8668,"bottom":3843},"time":1729852808226},{"box":{"left":8350,"right":2718,"top":8668,"bottom":3843},"time":1729852808445},{"box":{"left":8350,"right":2718,"top":8668,"bottom":3843},"time":1729852808499},{"box":{"left":8350,"right":2718,"top":8668,"bottom":3843},"time":1729852808602},{"box":{"left":8350,"right":2718,"top":8668,"bottom":3843},"time":1729852808666},{"box":{"left":8350,"right":2718,"top":8668,"bottom":3843},"time":1729852808894},{"box":{"left":8350,"right":2718,"top":8668,"bottom":3843},"time":1729852809001},{"box":{"left":8350,"right":2718,"top":8668,"bottom":3843},"time":1729852809061},{"box":{"left":8350,"right":2718,"top":8668,"bottom":3843},"time":1729852809239},{"box":{"left":8350,"right":2718,"top":8668,"bottom":3843},"time":1729852809743},{"box":{"left":8350,"right":2718,"top":8668,"bottom":3843},"time":1729852809797},{"box":{"left":8350,"right":2718,"top":8668,"bottom":3843},"time":1729852809911},{"box":{"left":8350,"right":2718,"top":8668,"bottom":3843},"time":1729852810139},,,,,
47366,Person,2024-10-25 19:40:13,2024-10-25 19:40:22,{"left":1893,"right":2406,"top":2105,"bottom":3489},{"box":{"left":1893,"right":2406,"top":2105,"bottom":3489},"time":1729852815303},{"box":{"left":1893,"right":2406,"top":2105,"bottom":3489},"time":1729852815364},{"box":{"left":1893,"right":2406,"top":2105,"bottom":3489},"time":1729852815413},{"box":{"left":1893,"right":2406,"top":2105,"bottom":3489},"time":1729852815475},{"box":{"left":1893,"right":2406,"top":2105,"bottom":3489},"time":1729852815527},{"box":{"left":1893,"right":2406,"top":2105,"bottom":3489},"time":1729852815588},{"box":{"left":1893,"right":2406,"top":2105,"bottom":3489},"time":1729852815697},{"box":{"left":1893,"right":2406,"top":2105,"bottom":3489},"time":1729852815753},{"box":{"left":1893,"right":2406,"top":2105,"bottom":3489},"time":1729852815804},{"box":{"left":1893,"right":2406,"top":2105,"bottom":3489},"time":1729852815861},{"box":{"left":1893,"right":2406,"top":2105,"bottom":3489},"time":1729852815912},{"box":{"left":1893,"right":2406,"top":2105,"bottom":3489},"time":1729852815975},{"box":{"left":1893,"right":2406,"top":2105,"bottom":3489},"time":1729852816027},{"box":{"left":1893,"right":2406,"top":2105,"bottom":3489},"time":1729852816076},{"box":{"left":1893,"right":2406,"top":2105,"bottom":3489},"time":1729852816146},{"box":{"left":1893,"right":2406,"top":2105,"bottom":3489},"time":1729852816198},{"box":{"left":1893,"right":2406,"top":2105,"bottom":3489},"time":1729852816258},{"box":{"left":1893,"right":2406,"top":2105,"bottom":3489},"time":1729852816308},{"box":{"left":1893,"right":2406,"top":2105,"bottom":3489},"time":1729852816359},{"box":{"left":1893,"right":2406,"top":2105,"bottom":3489},"time":1729852816421},{"box":{"left":1893,"right":2406,"top":2105,"bottom":3489},"time":1729852816472},{"box":{"left":1893,"right":2406,"top":2105,"bottom":3489},"time":1729852816533},{"box":{"left":1893,"right":2406,"top":2105,"bottom":3489},"time":1729852816582},{"box":{"left":1893,"right":2406,"top":2105,"bottom":3489},"time":1729852816643},{"box":{"left":1893,"right":2406,"top":2105,"bottom":3489},"time":1729852816695},{"box":{"left":1893,"right":2406,"top":2105,"bottom":3489},"time":1729852816755},{"box":{"left":1893,"right":2406,"top":2105,"bottom":3489},"time":1729852816805},{"box":{"left":1893,"right":2406,"top":2105,"bottom":3489},"time":1729852816866},{"box":{"left":1893,"right":2406,"top":2105,"bottom":3489},"time":1729852816916},{"box":{"left":1893,"right":2406,"top":2105,"bottom":3489},"time":1729852816978},{"box":{"left":1893,"right":2406,"top":2105,"bottom":3489},"time":1729852817039},{"box":{"left":1893,"right":2406,"top":2105,"bottom":3489},"time":1729852817092},{"box":{"left":1893,"right":2406,"top":2105,"bottom":3489},"time":1729852817142},{"box":{"left":1893,"right":2406,"top":2105,"bottom":3489},"time":1729852817266},{"box":{"left":1893,"right":2406,"top":2105,"bottom":3489},"time":1729852817318},{"box":{"left":1893,"right":2406,"top":2105,"bottom":3489},"time":1729852817379},{"box":{"left":1893,"right":2406,"top":2105,"bottom":3489},"time":1729852817434},{"box":{"left":1893,"right":2406,"top":2105,"bottom":3489},"time":1729852817486},{"box":{"left":1893,"right":2406,"top":2105,"bottom":3489},"time":1729852817549},{"box":{"left":1893,"right":2406,"top":2105,"bottom":3489},"time":1729852817663},{"box":{"left":1893,"right":2406,"top":2105,"bottom":3489},"time":1729852817713},{"box":{"left":1893,"right":2406,"top":2105,"bottom":3489},"time":1729852817764},{"box":{"left":1893,"right":2406,"top":2105,"bottom":3489},"time":1729852817817},{"box":{"left":1893,"right":2406,"top":2105,"bottom":3489},"time":1729852817869},{"box":{"left":1893,"right":2406,"top":2105,"bottom":3489},"time":1729852817930},{"box":{"left":1893,"right":2406,"top":2105,"bottom":3489},"time":1729852817990},{"box":{"left":1893,"right":2406,"top":2105,"bottom":3489},"time":1729852818041},{"box":{"left":1893,"right":2406,"top":2105,"bottom":3489},"time":1729852818103},{"box":{"left":1893,"right":2406,"top":2105,"bottom":3489},"time":1729852818156},{"box":{"left":1893,"right":2406,"top":2105,"bottom":3489},"time":1729852818216},{"box":{"left":1893,"right":2406,"top":2105,"bottom":3489},"time":1729852818269},{"box":{"left":1893,"right":2406,"top":2105,"bottom":3489},"time":1729852818320},{"box":{"left":1893,"right":2406,"top":2105,"bottom":3489},"time":1729852818381},{"box":{"left":1893,"right":2406,"top":2105,"bottom":3489},"time":1729852818434},{"box":{"left":1893,"right":2406,"top":2105,"bottom":3489},"time":1729852818495},{"box":{"left":1893,"right":2406,"top":2105,"bottom":3489},"time":1729852818546},{"box":{"left":1893,"right":2406,"top":2105,"bottom":3489},"time":1729852818607},{"box":{"left":1893,"right":2406,"top":2105,"bottom":3489},"time":1729852818668},{"box":{"left":1893,"right":2406,"top":2105,"bottom":3489},"time":1729852818720},{"box":{"left":1893,"right":2406,"top":2105,"bottom":3489},"time":1729852818770},{"box":{"left":1893,"right":2406,"top":2105,"bottom":3489},"time":1729852818831},{"box":{"left":1893,"right":2406,"top":2105,"bottom":3489},"time":1729852818884},{"box":{"left":1893,"right":2406,"top":2105,"bottom":3489},"time":1729852818946},{"box":{"left":1893,"right":2406,"top":2105,"bottom":3489},"time":1729852819060},{"box":{"left":1893,"right":2406,"top":2105,"bottom":3489},"time":1729852819110},{"box":{"left":1893,"right":2406,"top":2105,"bottom":3489},"time":1729852819170},{"box":{"left":1893,"right":2406,"top":2105,"bottom":3489},"time":1729852819224},{"box":{"left":1893,"right":2406,"top":2105,"bottom":3489},"time":1729852819285},{"box":{"left":1893,"right":2406,"top":2105,"bottom":3489},"time":1729852819344},{"box":{"left":1893,"right":2406,"top":2105,"bottom":3489},"time":1729852819397},{"box":{"left":1893,"right":2406,"top":2105,"bottom":3489},"time":1729852819448},{"box":{"left":1893,"right":2406,"top":2105,"bottom":3489},"time":1729852819509},{"box":{"left":1893,"right":2406,"top":2105,"bottom":3489},"time":1729852819561},{"box":{"left":1893,"right":2406,"top":2105,"bottom":3489},"time":1729852819621},{"box":{"left":1893,"right":2406,"top":2105,"bottom":3489},"time":1729852819675},{"box":{"left":1893,"right":2406,"top":2105,"bottom":3489},"time":1729852819730},{"box":{"left":1893,"right":2406,"top":2105,"bottom":3489},"time":1729852819782},{"box":{"left":1893,"right":2406,"top":2105,"bottom":3489},"time":1729852819844},{"box":{"left":1893,"right":2406,"top":2105,"bottom":3489},"time":1729852819895},{"box":{"left":1893,"right":2406,"top":2105,"bottom":3489},"time":1729852819958},{"box":{"left":1893,"right":2406,"top":2105,"bottom":3489},"time":1729852820019},{"box":{"left":1893,"right":2406,"top":2105,"bottom":3489},"time":1729852820069},{"box":{"left":1893,"right":2406,"top":2105,"bottom":3489},"time":1729852820129},{"box":{"left":1893,"right":2406,"top":2105,"bottom":3489},"time":1729852820187},{"box":{"left":1893,"right":2406,"top":2105,"bottom":3489},"time":1729852820243},{"box":{"left":1893,"right":2406,"top":2105,"bottom":3489},"time":1729852820301},{"box":{"left":1893,"right":2406,"top":2105,"bottom":3489},"time":1729852820357},{"box":{"left":1893,"right":2406,"top":2105,"bottom":3489},"time":1729852820407},{"box":{"left":1893,"right":2406,"top":2105,"bottom":3489},"time":1729852820466},{"box":{"left":1893,"right":2406,"top":2105,"bottom":3489},"time":1729852820531},{"box":{"left":1893,"right":2406,"top":2105,"bottom":3489},"time":1729852820591},{"box":{"left":1893,"right":2406,"top":2105,"bottom":3489},"time":1729852820642},{"box":{"left":1893,"right":2406,"top":2105,"bottom":3489},"time":1729852820702},{"box":{"left":1893,"right":2406,"top":2105,"bottom":3489},"time":1729852820751},{"box":{"left":1893,"right":2406,"top":2105,"bottom":3489},"time":1729852820818},{"box":{"left":1893,"right":2406,"top":2105,"bottom":3489},"time":1729852820872},{"box":{"left":1893,"right":2406,"top":2105,"bottom":3489},"time":1729852820923},{"box":{"left":1893,"right":2406,"top":2105,"bottom":3489},"time":1729852820987},{"box":{"left":1893,"right":2406,"top":2105,"bottom":3489},"time":1729852821039},{"box":{"left":1893,"right":2406,"top":2105,"bottom":3489},"time":1729852821100},{"box":{"left":1893,"right":2406,"top":2105,"bottom":3489},"time":1729852821152},{"box":{"left":1893,"right":2406,"top":2105,"bottom":3489},"time":1729852821212},{"box":{"left":1893,"right":2406,"top":2105,"bottom":3489},"time":1729852821259},{"box":{"left":1893,"right":2406,"top":2105,"bottom":3489},"time":1729852821321},{"box":{"left":1893,"right":2406,"top":2105,"bottom":3489},"time":1729852821385},{"box":{"left":1893,"right":2406,"top":2105,"bottom":3489},"time":1729852821438},{"box":{"left":1893,"right":2406,"top":2105,"bottom":3489},"time":1729852821482},{"box":{"left":1893,"right":2406,"top":2105,"bottom":3489},"time":1729852821543},{"box":{"left":1893,"right":2406,"top":2105,"bottom":3489},"time":1729852821599},{"box":{"left":1893,"right":2406,"top":2105,"bottom":3489},"time":1729852821657},{"box":{"left":1893,"right":2406,"top":2105,"bottom":3489},"time":1729852821716},{"box":{"left":1893,"right":2406,"top":2105,"bottom":3489},"time":1729852821772},{"box":{"left":1893,"right":2406,"top":2105,"bottom":3489},"time":1729852821828},{"box":{"left":1893,"right":2406,"top":2105,"bottom":3489},"time":1729852821879},{"box":{"left":1893,"right":2406,"top":2105,"bottom":3489},"time":1729852821941},{"box":{"left":1893,"right":2406,"top":2105,"bottom":3489},"time":1729852821991},{"box":{"left":1893,"right":2406,"top":2105,"bottom":3489},"time":1729852822066},{"box":{"left":1893,"right":2406,"top":2105,"bottom":3489},"time":1729852822112},{"box":{"left":1893,"right":2406,"top":2105,"bottom":3489},"time":1729852822166},{"box":{"left":1893,"right":2406,"top":2105,"bottom":3489},"time":1729852822226},{"box":{"left":1893,"right":2406,"top":2105,"bottom":3489},"time":1729852822294},{"box":{"left":1893,"right":2406,"top":2105,"bottom":3489},"time":1729852822338},{"box":{"left":1893,"right":2406,"top":2105,"bottom":3489},"time":1729852822401},{"box":{"left":1893,"right":2406,"top":2105,"bottom":3489},"time":1729852822451},,,,,
47367,Person,2024-10-25 19:40:17,2024-10-25 19:40:20,{"left":1843,"right":2906,"top":2087,"bottom":4322},{"box":{"left":1843,"right":2906,"top":2087,"bottom":4322},"time":1729852818840},{"box":{"left":1843,"right":2906,"top":2087,"bottom":4322},"time":1729852818894},{"box":{"left":1843,"right":2906,"top":2087,"bottom":4322},"time":1729852818956},{"box":{"left":1843,"right":2906,"top":2087,"bottom":4322},"time":1729852819073},{"box":{"left":1843,"right":2906,"top":2087,"bottom":4322},"time":1729852819122},{"box":{"left":1843,"right":2906,"top":2087,"bottom":4322},"time":1729852819185},{"box":{"left":1843,"right":2906,"top":2087,"bottom":4322},"time":1729852819234},{"box":{"left":1843,"right":2906,"top":2087,"bottom":4322},"time":1729852819298},{"box":{"left":1843,"right":2906,"top":2087,"bottom":4322},"time":1729852819354},{"box":{"left":1843,"right":2906,"top":2087,"bottom":4322},"time":1729852819410},{"box":{"left":1843,"right":2906,"top":2087,"bottom":4322},"time":1729852819458},{"box":{"left":1843,"right":2906,"top":2087,"bottom":4322},"time":1729852819522},{"box":{"left":1843,"right":2906,"top":2087,"bottom":4322},"time":1729852819745},{"box":{"left":1843,"right":2906,"top":2087,"bottom":4322},"time":1729852819795},{"box":{"left":1843,"right":2906,"top":2087,"bottom":4322},"time":1729852819858},{"box":{"left":1843,"right":2906,"top":2087,"bottom":4322},"time":1729852819908},{"box":{"left":1843,"right":2906,"top":2087,"bottom":4322},"time":1729852819971},{"box":{"left":1843,"right":2906,"top":2087,"bottom":4322},"time":1729852820032},{"box":{"left":1843,"right":2906,"top":2087,"bottom":4322},"time":1729852820081},{"box":{"left":1843,"right":2906,"top":2087,"bottom":4322},"time":1729852820139},{"box":{"left":1843,"right":2906,"top":2087,"bottom":4322},"time":1729852820198},{"box":{"left":1843,"right":2906,"top":2087,"bottom":4322},"time":1729852820253},{"box":{"left":1843,"right":2906,"top":2087,"bottom":4322},"time":1729852820312},{"box":{"left":1843,"right":2906,"top":2087,"bottom":4322},"time":1729852820371},{"box":{"left":1843,"right":2906,"top":2087,"bottom":4322},"time":1729852820418},{"box":{"left":1843,"right":2906,"top":2087,"bottom":4322},"time":1729852820480},{"box":{"left":1843,"right":2906,"top":2087,"bottom":4322},"time":1729852820543},,,,,
47368,Person,2024-10-25 19:40:27,2024-10-25 19:40:27,{"left":8355,"right":2671,"top":8623,"bottom":3681},,,,,
47369,Person,2024-10-25 19:40:56,2024-10-25 19:40:56,{"left":5850,"right":2583,"top":6399,"bottom":4583},{"box":{"left":5850,"right":2583,"top":6399,"bottom":4583},"time":1729852856649},{"box":{"left":5850,"right":2583,"top":6399,"bottom":4583},"time":1729852856708},,,,,
47370,Person,2024-10-25 19:40:57,2024-10-25 19:41:02,{"left":5250,"right":2416,"top":5724,"bottom":4687},{"box":{"left":5250,"right":2416,"top":5724,"bottom":4687},"time":1729852857266},{"box":{"left":5250,"right":2416,"top":5724,"bottom":4687},"time":1729852857316},{"box":{"left":5250,"right":2416,"top":5724,"bottom":4687},"time":1729852857379},{"box":{"left":5250,"right":2416,"top":5724,"bottom":4687},"time":1729852857429},{"box":{"left":5250,"right":2416,"top":5724,"bottom":4687},"time":1729852857488},{"box":{"left":5250,"right":2416,"top":5724,"bottom":4687},"time":1729852857553},{"box":{"left":5250,"right":2416,"top":5724,"bottom":4687},"time":1729852857603},{"box":{"left":5250,"right":2416,"top":5724,"bottom":4687},"time":1729852857663},{"box":{"left":5250,"right":2416,"top":5724,"bottom":4687},"time":1729852857952},{"box":{"left":5250,"right":2416,"top":5724,"bottom":4687},"time":1729852858000},{"box":{"left":5250,"right":2416,"top":5724,"bottom":4687},"time":1729852858061},{"box":{"left":5250,"right":2416,"top":5724,"bottom":4687},"time":1729852858109},{"box":{"left":5250,"right":2416,"top":5724,"bottom":4687},"time":1729852858170},{"box":{"left":5250,"right":2416,"top":5724,"bottom":4687},"time":1729852858230},{"box":{"left":5250,"right":2416,"top":5724,"bottom":4687},"time":1729852858282},{"box":{"left":5250,"right":2416,"top":5724,"bottom":4687},"time":1729852858344},{"box":{"left":5250,"right":2416,"top":5724,"bottom":4687},"time":1729852858394},{"box":{"left":5250,"right":2416,"top":5724,"bottom":4687},"time":1729852858454},{"box":{"left":5250,"right":2416,"top":5724,"bottom":4687},"time":1729852858506},{"box":{"left":5250,"right":2416,"top":5724,"bottom":4687},"time":1729852858572},{"box":{"left":5250,"right":2416,"top":5724,"bottom":4687},"time":1729852858631},{"box":{"left":5250,"right":2416,"top":5724,"bottom":4687},"time":1729852858681},{"box":{"left":5250,"right":2416,"top":5724,"bottom":4687},"time":1729852858742},{"box":{"left":5250,"right":2416,"top":5724,"bottom":4687},"time":1729852858793},{"box":{"left":5250,"right":2416,"top":5724,"bottom":4687},"time":1729852858853},{"box":{"left":5250,"right":2416,"top":5724,"bottom":4687},"time":1729852858906},{"box":{"left":5250,"right":2416,"top":5724,"bottom":4687},"time":1729852858969},{"box":{"left":5250,"right":2416,"top":5724,"bottom":4687},"time":1729852859029},{"box":{"left":5250,"right":2416,"top":5724,"bottom":4687},"time":1729852859359},{"box":{"left":5250,"right":2416,"top":5724,"bottom":4687},"time":1729852859474},{"box":{"left":5250,"right":2416,"top":5724,"bottom":4687},"time":1729852859527},{"box":{"left":5250,"right":2416,"top":5724,"bottom":4687},"time":1729852859583},{"box":{"left":5250,"right":2416,"top":5724,"bottom":4687},"time":1729852859643},{"box":{"left":5250,"right":2416,"top":5724,"bottom":4687},"time":1729852859695},{"box":{"left":5250,"right":2416,"top":5724,"bottom":4687},"time":1729852859756},{"box":{"left":5250,"right":2416,"top":5724,"bottom":4687},"time":1729852859805},{"box":{"left":5250,"right":2416,"top":5724,"bottom":4687},"time":1729852859866},{"box":{"left":5250,"right":2416,"top":5724,"bottom":4687},"time":1729852859918},{"box":{"left":5250,"right":2416,"top":5724,"bottom":4687},"time":1729852859979},{"box":{"left":5250,"right":2416,"top":5724,"bottom":4687},"time":1729852860029},{"box":{"left":5250,"right":2416,"top":5724,"bottom":4687},"time":1729852860089},{"box":{"left":5250,"right":2416,"top":5724,"bottom":4687},"time":1729852860150},{"box":{"left":5250,"right":2416,"top":5724,"bottom":4687},"time":1729852860202},{"box":{"left":5250,"right":2416,"top":5724,"bottom":4687},"time":1729852860264},{"box":{"left":5250,"right":2416,"top":5724,"bottom":4687},"time":1729852860312},{"box":{"left":5250,"right":2416,"top":5724,"bottom":4687},"time":1729852860385},{"box":{"left":5250,"right":2416,"top":5724,"bottom":4687},"time":1729852860437},{"box":{"left":5250,"right":2416,"top":5724,"bottom":4687},"time":1729852860495},{"box":{"left":5250,"right":2416,"top":5724,"bottom":4687},"time":1729852860545},{"box":{"left":5250,"right":2416,"top":5724,"bottom":4687},"time":1729852860609},{"box":{"left":5250,"right":2416,"top":5724,"bottom":4687},"time":1729852860659},{"box":{"left":5250,"right":2416,"top":5724,"bottom":4687},"time":1729852860719},{"box":{"left":5250,"right":2416,"top":5724,"bottom":4687},"time":1729852860780},{"box":{"left":5250,"right":2416,"top":5724,"bottom":4687},"time":1729852860832},{"box":{"left":5250,"right":2416,"top":5724,"bottom":4687},"time":1729852860894},{"box":{"left":5250,"right":2416,"top":5724,"bottom":4687},"time":1729852860957},{"box":{"left":5250,"right":2416,"top":5724,"bottom":4687},"time":1729852861004},{"box":{"left":5250,"right":2416,"top":5724,"bottom":4687},"time":1729852861068},{"box":{"left":5250,"right":2416,"top":5724,"bottom":4687},"time":1729852861117},{"box":{"left":5250,"right":2416,"top":5724,"bottom":4687},"time":1729852861177},{"box":{"left":5250,"right":2416,"top":5724,"bottom":4687},"time":1729852861227},{"box":{"left":5250,"right":2416,"top":5724,"bottom":4687},"time":1729852861290},{"box":{"left":5250,"right":2416,"top":5724,"bottom":4687},"time":1729852861342},{"box":{"left":5250,"right":2416,"top":5724,"bottom":4687},"time":1729852861451},{"box":{"left":5250,"right":2416,"top":5724,"bottom":4687},"time":1729852861514},{"box":{"left":5250,"right":2416,"top":5724,"bottom":4687},"time":1729852861574},{"box":{"left":5250,"right":2416,"top":5724,"bottom":4687},"time":1729852861623},{"box":{"left":5250,"right":2416,"top":5724,"bottom":4687},"time":1729852861737},{"box":{"left":5250,"right":2416,"top":5724,"bottom":4687},"time":1729852862026},{"box":{"left":5250,"right":2416,"top":5724,"bottom":4687},"time":1729852862087},{"box":{"left":5250,"right":2416,"top":5724,"bottom":4687},"time":1729852862128},{"box":{"left":5250,"right":2416,"top":5724,"bottom":4687},"time":1729852862372},,,,,
47371,Person,2024-10-25 19:41:11,2024-10-25 19:41:12,{"left":1817,"right":2364,"top":2055,"bottom":3500},,,,,
47372,Person,2024-10-25 19:41:24,2024-10-25 19:41:29,{"left":2006,"right":2812,"top":2231,"bottom":3562},{"box":{"left":2006,"right":2812,"top":2231,"bottom":3562},"time":1729852885405},{"box":{"left":2006,"right":2812,"top":2231,"bottom":3562},"time":1729852885624},{"box":{"left":2006,"right":2812,"top":2231,"bottom":3562},"time":1729852885685},{"box":{"left":2006,"right":2812,"top":2231,"bottom":3562},"time":1729852885728},{"box":{"left":2006,"right":2812,"top":2231,"bottom":3562},"time":1729852886022},{"box":{"left":2006,"right":2812,"top":2231,"bottom":3562},"time":1729852886241},{"box":{"left":2006,"right":2812,"top":2231,"bottom":3562},"time":1729852886303},{"box":{"left":2006,"right":2812,"top":2231,"bottom":3562},"time":1729852886348},{"box":{"left":2006,"right":2812,"top":2231,"bottom":3562},"time":1729852886409},{"box":{"left":2006,"right":2812,"top":2231,"bottom":3562},"time":1729852886526},{"box":{"left":2006,"right":2812,"top":2231,"bottom":3562},"time":1729852886586},{"box":{"left":2006,"right":2812,"top":2231,"bottom":3562},"time":1729852886633},{"box":{"left":2006,"right":2812,"top":2231,"bottom":3562},"time":1729852886750},{"box":{"left":2006,"right":2812,"top":2231,"bottom":3562},"time":1729852886800},{"box":{"left":2006,"right":2812,"top":2231,"bottom":3562},"time":1729852886859},{"box":{"left":2006,"right":2812,"top":2231,"bottom":3562},"time":1729852886908},{"box":{"left":2006,"right":2812,"top":2231,"bottom":3562},"time":1729852886971},{"box":{"left":2006,"right":2812,"top":2231,"bottom":3562},"time":1729852887022},{"box":{"left":2006,"right":2812,"top":2231,"bottom":3562},"time":1729852887080},{"box":{"left":2006,"right":2812,"top":2231,"bottom":3562},"time":1729852887130},{"box":{"left":2006,"right":2812,"top":2231,"bottom":3562},"time":1729852887193},{"box":{"left":2006,"right":2812,"top":2231,"bottom":3562},"time":1729852887254},{"box":{"left":2006,"right":2812,"top":2231,"bottom":3562},"time":1729852887305},{"box":{"left":2006,"right":2812,"top":2231,"bottom":3562},"time":1729852887419},{"box":{"left":2006,"right":2812,"top":2231,"bottom":3562},"time":1729852887479},{"box":{"left":2006,"right":2812,"top":2231,"bottom":3562},"time":1729852887587},{"box":{"left":2006,"right":2812,"top":2231,"bottom":3562},"time":1729852887642},{"box":{"left":2006,"right":2812,"top":2231,"bottom":3562},"time":1729852887703},{"box":{"left":2006,"right":2812,"top":2231,"bottom":3562},"time":1729852887925},{"box":{"left":2006,"right":2812,"top":2231,"bottom":3562},"time":1729852888155},{"box":{"left":2006,"right":2812,"top":2231,"bottom":3562},"time":1729852888218},{"box":{"left":2006,"right":2812,"top":2231,"bottom":3562},"time":1729852888267},{"box":{"left":2006,"right":2812,"top":2231,"bottom":3562},"time":1729852889006},{"box":{"left":2006,"right":2812,"top":2231,"bottom":3562},"time":1729852889064},{"box":{"left":2006,"right":2812,"top":2231,"bottom":3562},"time":1729852889459},{"box":{"left":2006,"right":2812,"top":2231,"bottom":3562},"time":1729852889682},{"box":{"left":2006,"right":2812,"top":2231,"bottom":3562},"time":1729852889730},{"box":{"left":2006,"right":2812,"top":2231,"bottom":3562},"time":1729852889785},,,,,
47373,Person,2024-10-25 19:41:33,2024-10-25 19:41:33,{"left":8412,"right":2693,"top":8599,"bottom":3703},,,,,
47374,Person,2024-10-25 19:41:56,2024-10-25 19:41:56,{"left":8587,"right":2750,"top":8824,"bottom":3645},,,,,
47375,Person,2024-10-25 19:42:01,2024-10-25 19:42:01,{"left":8612,"right":2645,"top":8856,"bottom":3687},,,,,
47376,Person,2024-10-25 19:42:10,2024-10-25 19:42:13,{"left":8568,"right":2625,"top":8837,"bottom":3718},{"box":{"left":8568,"right":2625,"top":8837,"bottom":3718},"time":1729852931015},{"box":{"left":8568,"right":2625,"top":8837,"bottom":3718},"time":1729852932995},{"box":{"left":8568,"right":2625,"top":8837,"bottom":3718},"time":1729852933334},,,,,
47377,Person,2024-10-25 19:42:53,2024-10-25 19:42:53,{"left":8487,"right":2822,"top":8768,"bottom":4135},{"box":{"left":8487,"right":2822,"top":8768,"bottom":4135},"time":1729852973857},{"box":{"left":8487,"right":2822,"top":8768,"bottom":4135},"time":1729852973916},{"box":{"left":8487,"right":2822,"top":8768,"bottom":4135},"time":1729852973964},,,,,
47378,Person,2024-10-25 19:42:56,2024-10-25 19:43:08,{"left":1956,"right":2833,"top":2143,"bottom":3593},{"box":{"left":1956,"right":2833,"top":2143,"bottom":3593},"time":1729852978344},{"box":{"left":1956,"right":2833,"top":2143,"bottom":3593},"time":1729852978455},{"box":{"left":1956,"right":2833,"top":2143,"bottom":3593},"time":1729852978506},{"box":{"left":1956,"right":2833,"top":2143,"bottom":3593},"time":1729852978568},{"box":{"left":1956,"right":2833,"top":2143,"bottom":3593},"time":1729852978629},{"box":{"left":1956,"right":2833,"top":2143,"bottom":3593},"time":1729852978679},{"box":{"left":1956,"right":2833,"top":2143,"bottom":3593},"time":1729852978738},{"box":{"left":1956,"right":2833,"top":2143,"bottom":3593},"time":1729852978789},{"box":{"left":1956,"right":2833,"top":2143,"bottom":3593},"time":1729852978852},{"box":{"left":1956,"right":2833,"top":2143,"bottom":3593},"time":1729852978904},{"box":{"left":1956,"right":2833,"top":2143,"bottom":3593},"time":1729852979016},{"box":{"left":1956,"right":2833,"top":2143,"bottom":3593},"time":1729852979067},{"box":{"left":1956,"right":2833,"top":2143,"bottom":3593},"time":1729852979129},{"box":{"left":1956,"right":2833,"top":2143,"bottom":3593},"time":1729852979177},{"box":{"left":1956,"right":2833,"top":2143,"bottom":3593},"time":1729852979239},{"box":{"left":1956,"right":2833,"top":2143,"bottom":3593},"time":1729852979301},{"box":{"left":1956,"right":2833,"top":2143,"bottom":3593},"time":1729852979351},{"box":{"left":1956,"right":2833,"top":2143,"bottom":3593},"time":1729852979411},{"box":{"left":1956,"right":2833,"top":2143,"bottom":3593},"time":1729852979472},{"box":{"left":1956,"right":2833,"top":2143,"bottom":3593},"time":1729852979527},{"box":{"left":1956,"right":2833,"top":2143,"bottom":3593},"time":1729852979586},{"box":{"left":1956,"right":2833,"top":2143,"bottom":3593},"time":1729852979635},{"box":{"left":1956,"right":2833,"top":2143,"bottom":3593},"time":1729852979696},{"box":{"left":1956,"right":2833,"top":2143,"bottom":3593},"time":1729852979749},{"box":{"left":1956,"right":2833,"top":2143,"bottom":3593},"time":1729852979801},{"box":{"left":1956,"right":2833,"top":2143,"bottom":3593},"time":1729852979862},{"box":{"left":1956,"right":2833,"top":2143,"bottom":3593},"time":1729852979912},{"box":{"left":1956,"right":2833,"top":2143,"bottom":3593},"time":1729852979973},{"box":{"left":1956,"right":2833,"top":2143,"bottom":3593},"time":1729852980033},{"box":{"left":1956,"right":2833,"top":2143,"bottom":3593},"time":1729852980085},{"box":{"left":1956,"right":2833,"top":2143,"bottom":3593},"time":1729852980145},{"box":{"left":1956,"right":2833,"top":2143,"bottom":3593},"time":1729852980197},{"box":{"left":1956,"right":2833,"top":2143,"bottom":3593},"time":1729852980258},{"box":{"left":1956,"right":2833,"top":2143,"bottom":3593},"time":1729852980308},{"box":{"left":1956,"right":2833,"top":2143,"bottom":3593},"time":1729852980370},{"box":{"left":1956,"right":2833,"top":2143,"bottom":3593},"time":1729852980430},{"box":{"left":1956,"right":2833,"top":2143,"bottom":3593},"time":1729852980481},{"box":{"left":1956,"right":2833,"top":2143,"bottom":3593},"time":1729852980543},{"box":{"left":1956,"right":2833,"top":2143,"bottom":3593},"time":1729852980594},{"box":{"left":1956,"right":2833,"top":2143,"bottom":3593},"time":1729852980656},{"box":{"left":1956,"right":2833,"top":2143,"bottom":3593},"time":1729852980716},{"box":{"left":1956,"right":2833,"top":2143,"bottom":3593},"time":1729852980768},{"box":{"left":1956,"right":2833,"top":2143,"bottom":3593},"time":1729852980823},{"box":{"left":1956,"right":2833,"top":2143,"bottom":3593},"time":1729852980874},{"box":{"left":1956,"right":2833,"top":2143,"bottom":3593},"time":1729852980935},{"box":{"left":1956,"right":2833,"top":2143,"bottom":3593},"time":1729852980984},{"box":{"left":1956,"right":2833,"top":2143,"bottom":3593},"time":1729852981047},{"box":{"left":1956,"right":2833,"top":2143,"bottom":3593},"time":1729852981109},{"box":{"left":1956,"right":2833,"top":2143,"bottom":3593},"time":1729852981160},{"box":{"left":1956,"right":2833,"top":2143,"bottom":3593},"time":1729852981220},{"box":{"left":1956,"right":2833,"top":2143,"bottom":3593},"time":1729852981556},{"box":{"left":1956,"right":2833,"top":2143,"bottom":3593},"time":1729852981615},{"box":{"left":1956,"right":2833,"top":2143,"bottom":3593},"time":1729852981667},{"box":{"left":1956,"right":2833,"top":2143,"bottom":3593},"time":1729852981719},{"box":{"left":1956,"right":2833,"top":2143,"bottom":3593},"time":1729852981780},{"box":{"left":1956,"right":2833,"top":2143,"bottom":3593},"time":1729852981830},{"box":{"left":1956,"right":2833,"top":2143,"bottom":3593},"time":1729852981891},{"box":{"left":1956,"right":2833,"top":2143,"bottom":3593},"time":1729852981944},{"box":{"left":1956,"right":2833,"top":2143,"bottom":3593},"time":1729852982004},{"box":{"left":1956,"right":2833,"top":2143,"bottom":3593},"time":1729852982055},{"box":{"left":1956,"right":2833,"top":2143,"bottom":3593},"time":1729852982117},{"box":{"left":1956,"right":2833,"top":2143,"bottom":3593},"time":1729852982177},{"box":{"left":1956,"right":2833,"top":2143,"bottom":3593},"time":1729852982560},{"box":{"left":1956,"right":2833,"top":2143,"bottom":3593},"time":1729852982672},{"box":{"left":1956,"right":2833,"top":2143,"bottom":3593},"time":1729852982733},{"box":{"left":1956,"right":2833,"top":2143,"bottom":3593},"time":1729852982905},{"box":{"left":1956,"right":2833,"top":2143,"bottom":3593},"time":1729852982958},{"box":{"left":1956,"right":2833,"top":2143,"bottom":3593},"time":1729852983018},{"box":{"left":1956,"right":2833,"top":2143,"bottom":3593},"time":1729852983080},{"box":{"left":1956,"right":2833,"top":2143,"bottom":3593},"time":1729852983130},{"box":{"left":1956,"right":2833,"top":2143,"bottom":3593},"time":1729852983191},{"box":{"left":1956,"right":2833,"top":2143,"bottom":3593},"time":1729852983304},{"box":{"left":1956,"right":2833,"top":2143,"bottom":3593},"time":1729852983365},{"box":{"left":1956,"right":2833,"top":2143,"bottom":3593},"time":1729852983415},{"box":{"left":1956,"right":2833,"top":2143,"bottom":3593},"time":1729852983476},{"box":{"left":1956,"right":2833,"top":2143,"bottom":3593},"time":1729852983527},{"box":{"left":1956,"right":2833,"top":2143,"bottom":3593},"time":1729852983699},{"box":{"left":1956,"right":2833,"top":2143,"bottom":3593},"time":1729852983811},{"box":{"left":1956,"right":2833,"top":2143,"bottom":3593},"time":1729852983864},{"box":{"left":1956,"right":2833,"top":2143,"bottom":3593},"time":1729852983976},{"box":{"left":1956,"right":2833,"top":2143,"bottom":3593},"time":1729852984039},{"box":{"left":1956,"right":2833,"top":2143,"bottom":3593},"time":1729852984098},{"box":{"left":1956,"right":2833,"top":2143,"bottom":3593},"time":1729852984150},{"box":{"left":1956,"right":2833,"top":2143,"bottom":3593},"time":1729852984210},{"box":{"left":1956,"right":2833,"top":2143,"bottom":3593},"time":1729852984324},{"box":{"left":1956,"right":2833,"top":2143,"bottom":3593},"time":1729852984373},{"box":{"left":1956,"right":2833,"top":2143,"bottom":3593},"time":1729852984434},{"box":{"left":1956,"right":2833,"top":2143,"bottom":3593},"time":1729852984495},{"box":{"left":1956,"right":2833,"top":2143,"bottom":3593},"time":1729852984546},{"box":{"left":1956,"right":2833,"top":2143,"bottom":3593},"time":1729852984608},{"box":{"left":1956,"right":2833,"top":2143,"bottom":3593},"time":1729852984658},{"box":{"left":1956,"right":2833,"top":2143,"bottom":3593},"time":1729852984720},{"box":{"left":1956,"right":2833,"top":2143,"bottom":3593},"time":1729852984781},{"box":{"left":1956,"right":2833,"top":2143,"bottom":3593},"time":1729852984832},{"box":{"left":1956,"right":2833,"top":2143,"bottom":3593},"time":1729852984893},{"box":{"left":1956,"right":2833,"top":2143,"bottom":3593},"time":1729852984945},{"box":{"left":1956,"right":2833,"top":2143,"bottom":3593},"time":1729852985007},{"box":{"left":1956,"right":2833,"top":2143,"bottom":3593},"time":1729852985058},{"box":{"left":1956,"right":2833,"top":2143,"bottom":3593},"time":1729852985120},{"box":{"left":1956,"right":2833,"top":2143,"bottom":3593},"time":1729852985180},{"box":{"left":1956,"right":2833,"top":2143,"bottom":3593},"time":1729852985241},{"box":{"left":1956,"right":2833,"top":2143,"bottom":3593},"time":1729852985291},{"box":{"left":1956,"right":2833,"top":2143,"bottom":3593},"time":1729852985354},{"box":{"left":1956,"right":2833,"top":2143,"bottom":3593},"time":1729852985413},{"box":{"left":1956,"right":2833,"top":2143,"bottom":3593},"time":1729852985466},{"box":{"left":1956,"right":2833,"top":2143,"bottom":3593},"time":1729852985527},{"box":{"left":1956,"right":2833,"top":2143,"bottom":3593},"time":1729852985589},{"box":{"left":1956,"right":2833,"top":2143,"bottom":3593},"time":1729852985649},{"box":{"left":1956,"right":2833,"top":2143,"bottom":3593},"time":1729852985700},{"box":{"left":1956,"right":2833,"top":2143,"bottom":3593},"time":1729852985761},{"box":{"left":1956,"right":2833,"top":2143,"bottom":3593},"time":1729852985812},{"box":{"left":1956,"right":2833,"top":2143,"bottom":3593},"time":1729852985881},{"box":{"left":1956,"right":2833,"top":2143,"bottom":3593},"time":1729852985940},{"box":{"left":1956,"right":2833,"top":2143,"bottom":3593},"time":1729852985991},{"box":{"left":1956,"right":2833,"top":2143,"bottom":3593},"time":1729852986052},{"box":{"left":1956,"right":2833,"top":2143,"bottom":3593},"time":1729852986112},{"box":{"left":1956,"right":2833,"top":2143,"bottom":3593},"time":1729852986160},{"box":{"left":1956,"right":2833,"top":2143,"bottom":3593},"time":1729852986211},{"box":{"left":1956,"right":2833,"top":2143,"bottom":3593},"time":1729852986273},{"box":{"left":1956,"right":2833,"top":2143,"bottom":3593},"time":1729852986324},{"box":{"left":1956,"right":2833,"top":2143,"bottom":3593},"time":1729852986387},{"box":{"left":1956,"right":2833,"top":2143,"bottom":3593},"time":1729852986447},{"box":{"left":1956,"right":2833,"top":2143,"bottom":3593},"time":1729852986499},{"box":{"left":1956,"right":2833,"top":2143,"bottom":3593},"time":1729852986509},{"box":{"left":1956,"right":2833,"top":2143,"bottom":3593},"time":1729852986561},{"box":{"left":1956,"right":2833,"top":2143,"bottom":3593},"time":1729852986570},{"box":{"left":1956,"right":2833,"top":2143,"bottom":3593},"time":1729852986622},{"box":{"left":1956,"right":2833,"top":2143,"bottom":3593},"time":1729852986631},{"box":{"left":1956,"right":2833,"top":2143,"bottom":3593},"time":1729852986675},{"box":{"left":1956,"right":2833,"top":2143,"bottom":3593},"time":1729852986685},{"box":{"left":1956,"right":2833,"top":2143,"bottom":3593},"time":1729852986735},{"box":{"left":1956,"right":2833,"top":2143,"bottom":3593},"time":1729852986744},{"box":{"left":1956,"right":2833,"top":2143,"bottom":3593},"time":1729852986786},{"box":{"left":1956,"right":2833,"top":2143,"bottom":3593},"time":1729852986796},{"box":{"left":1956,"right":2833,"top":2143,"bottom":3593},"time":1729852986847},{"box":{"left":1956,"right":2833,"top":2143,"bottom":3593},"time":1729852986856},{"box":{"left":1956,"right":2833,"top":2143,"bottom":3593},"time":1729852986897},{"box":{"left":1956,"right":2833,"top":2143,"bottom":3593},"time":1729852986960},{"box":{"left":1956,"right":2833,"top":2143,"bottom":3593},"time":1729852986970},{"box":{"left":1956,"right":2833,"top":2143,"bottom":3593},"time":1729852987021},{"box":{"left":1956,"right":2833,"top":2143,"bottom":3593},"time":1729852987030},{"box":{"left":1956,"right":2833,"top":2143,"bottom":3593},"time":1729852987073},{"box":{"left":1956,"right":2833,"top":2143,"bottom":3593},"time":1729852987082},{"box":{"left":1956,"right":2833,"top":2143,"bottom":3593},"time":1729852987123},{"box":{"left":1956,"right":2833,"top":2143,"bottom":3593},"time":1729852987133},{"box":{"left":1956,"right":2833,"top":2143,"bottom":3593},"time":1729852987186},{"box":{"left":1956,"right":2833,"top":2143,"bottom":3593},"time":1729852987195},{"box":{"left":1956,"right":2833,"top":2143,"bottom":3593},"time":1729852987246},{"box":{"left":1956,"right":2833,"top":2143,"bottom":3593},"time":1729852987256},{"box":{"left":1956,"right":2833,"top":2143,"bottom":3593},"time":1729852987298},{"box":{"left":1956,"right":2833,"top":2143,"bottom":3593},"time":1729852987360},{"box":{"left":1956,"right":2833,"top":2143,"bottom":3593},"time":1729852987370},{"box":{"left":1956,"right":2833,"top":2143,"bottom":3593},"time":1729852987421},{"box":{"left":1956,"right":2833,"top":2143,"bottom":3593},"time":1729852987475},{"box":{"left":1956,"right":2833,"top":2143,"bottom":3593},"time":1729852987534},{"box":{"left":1956,"right":2833,"top":2143,"bottom":3593},"time":1729852987698},{"box":{"left":1956,"right":2833,"top":2143,"bottom":3593},"time":1729852987760},{"box":{"left":1956,"right":2833,"top":2143,"bottom":3593},"time":1729852987812},{"box":{"left":1956,"right":2833,"top":2143,"bottom":3593},"time":1729852987872},{"box":{"left":1956,"right":2833,"top":2143,"bottom":3593},"time":1729852987925},{"box":{"left":1956,"right":2833,"top":2143,"bottom":3593},"time":1729852987985},{"box":{"left":1956,"right":2833,"top":2143,"bottom":3593},"time":1729852988045},{"box":{"left":1956,"right":2833,"top":2143,"bottom":3593},"time":1729852988096},{"box":{"left":1956,"right":2833,"top":2143,"bottom":3593},"time":1729852988160},{"box":{"left":1956,"right":2833,"top":2143,"bottom":3593},"time":1729852988210},{"box":{"left":1956,"right":2833,"top":2143,"bottom":3593},"time":1729852988271},{"box":{"left":1956,"right":2833,"top":2143,"bottom":3593},"time":1729852988281},{"box":{"left":1956,"right":2833,"top":2143,"bottom":3593},"time":1729852988322},{"box":{"left":1956,"right":2833,"top":2143,"bottom":3593},"time":1729852988331},{"box":{"left":1956,"right":2833,"top":2143,"bottom":3593},"time":1729852988384},{"box":{"left":1956,"right":2833,"top":2143,"bottom":3593},"time":1729852988394},{"box":{"left":1956,"right":2833,"top":2143,"bottom":3593},"time":1729852988447},{"box":{"left":1956,"right":2833,"top":2143,"bottom":3593},"time":1729852988498},{"box":{"left":1956,"right":2833,"top":2143,"bottom":3593},"time":1729852988561},{"box":{"left":1956,"right":2833,"top":2143,"bottom":3593},"time":1729852988621},{"box":{"left":1956,"right":2833,"top":2143,"bottom":3593},"time":1729852988674},{"box":{"left":1956,"right":2833,"top":2143,"bottom":3593},"time":1729852988684},,,,,
47379,Person,2024-10-25 19:43:00,2024-10-25 19:43:04,{"left":1831,"right":2854,"top":2118,"bottom":4510},{"box":{"left":1831,"right":2854,"top":2118,"bottom":4510},"time":1729852981953},{"box":{"left":1831,"right":2854,"top":2118,"bottom":4510},"time":1729852982063},{"box":{"left":1831,"right":2854,"top":2118,"bottom":4510},"time":1729852982185},{"box":{"left":1831,"right":2854,"top":2118,"bottom":4510},"time":1729852982914},{"box":{"left":1831,"right":2854,"top":2118,"bottom":4510},"time":1729852982967},{"box":{"left":1831,"right":2854,"top":2118,"bottom":4510},"time":1729852983027},{"box":{"left":1831,"right":2854,"top":2118,"bottom":4510},"time":1729852983139},{"box":{"left":1831,"right":2854,"top":2118,"bottom":4510},"time":1729852983200},{"box":{"left":1831,"right":2854,"top":2118,"bottom":4510},"time":1729852983313},{"box":{"left":1831,"right":2854,"top":2118,"bottom":4510},"time":1729852983708},{"box":{"left":1831,"right":2854,"top":2118,"bottom":4510},"time":1729852983750},{"box":{"left":1831,"right":2854,"top":2118,"bottom":4510},"time":1729852984107},{"box":{"left":1831,"right":2854,"top":2118,"bottom":4510},"time":1729852984159},{"box":{"left":1831,"right":2854,"top":2118,"bottom":4510},"time":1729852984219},{"box":{"left":1831,"right":2854,"top":2118,"bottom":4510},"time":1729852984333},{"box":{"left":1831,"right":2854,"top":2118,"bottom":4510},"time":1729852984382},,,,,
47381,Person,2024-10-25 19:43:04,2024-10-25 19:43:08,{"left":2075,"right":3677,"top":2531,"bottom":5145},{"box":{"left":2075,"right":3677,"top":2531,"bottom":5145},"time":1729852984729},{"box":{"left":2075,"right":3677,"top":2531,"bottom":5145},"time":1729852984790},{"box":{"left":2075,"right":3677,"top":2531,"bottom":5145},"time":1729852984841},{"box":{"left":2075,"right":3677,"top":2531,"bottom":5145},"time":1729852984902},{"box":{"left":2075,"right":3677,"top":2531,"bottom":5145},"time":1729852984954},{"box":{"left":2075,"right":3677,"top":2531,"bottom":5145},"time":1729852985016},{"box":{"left":2075,"right":3677,"top":2531,"bottom":5145},"time":1729852985067},{"box":{"left":2075,"right":3677,"top":2531,"bottom":5145},"time":1729852985250},{"box":{"left":2075,"right":3677,"top":2531,"bottom":5145},"time":1729852985300},{"box":{"left":2075,"right":3677,"top":2531,"bottom":5145},"time":1729852985422},{"box":{"left":2075,"right":3677,"top":2531,"bottom":5145},"time":1729852985598},{"box":{"left":2075,"right":3677,"top":2531,"bottom":5145},"time":1729852985658},{"box":{"left":2075,"right":3677,"top":2531,"bottom":5145},"time":1729852985709},{"box":{"left":2075,"right":3677,"top":2531,"bottom":5145},"time":1729852985770},{"box":{"left":2075,"right":3677,"top":2531,"bottom":5145},"time":1729852985825},{"box":{"left":2075,"right":3677,"top":2531,"bottom":5145},"time":1729852985899},{"box":{"left":2075,"right":3677,"top":2531,"bottom":5145},"time":1729852985954},{"box":{"left":2075,"right":3677,"top":2531,"bottom":5145},"time":1729852986006},{"box":{"left":2075,"right":3677,"top":2531,"bottom":5145},"time":1729852986066},{"box":{"left":2075,"right":3677,"top":2531,"bottom":5145},"time":1729852986125},{"box":{"left":2075,"right":3677,"top":2531,"bottom":5145},"time":1729852986169},{"box":{"left":2075,"right":3677,"top":2531,"bottom":5145},"time":1729852986220},{"box":{"left":2075,"right":3677,"top":2531,"bottom":5145},"time":1729852986283},{"box":{"left":2075,"right":3677,"top":2531,"bottom":5145},"time":1729852986333},{"box":{"left":2075,"right":3677,"top":2531,"bottom":5145},"time":1729852986396},{"box":{"left":2075,"right":3677,"top":2531,"bottom":5145},"time":1729852986456},{"box":{"left":2075,"right":3677,"top":2531,"bottom":5145},"time":1729852986518},{"box":{"left":2075,"right":3677,"top":2531,"bottom":5145},"time":1729852986580},{"box":{"left":2075,"right":3677,"top":2531,"bottom":5145},"time":1729852986640},{"box":{"left":2075,"right":3677,"top":2531,"bottom":5145},"time":1729852986694},{"box":{"left":2075,"right":3677,"top":2531,"bottom":5145},"time":1729852986805},{"box":{"left":2075,"right":3677,"top":2531,"bottom":5145},"time":1729852986866},{"box":{"left":2075,"right":3677,"top":2531,"bottom":5145},"time":1729852986979},{"box":{"left":2075,"right":3677,"top":2531,"bottom":5145},"time":1729852987040},{"box":{"left":2075,"right":3677,"top":2531,"bottom":5145},"time":1729852987092},{"box":{"left":2075,"right":3677,"top":2531,"bottom":5145},"time":1729852987142},{"box":{"left":2075,"right":3677,"top":2531,"bottom":5145},"time":1729852987205},{"box":{"left":2075,"right":3677,"top":2531,"bottom":5145},"time":1729852987265},{"box":{"left":2075,"right":3677,"top":2531,"bottom":5145},"time":1729852987307},{"box":{"left":2075,"right":3677,"top":2531,"bottom":5145},"time":1729852987379},{"box":{"left":2075,"right":3677,"top":2531,"bottom":5145},"time":1729852987430},{"box":{"left":2075,"right":3677,"top":2531,"bottom":5145},"time":1729852987484},{"box":{"left":2075,"right":3677,"top":2531,"bottom":5145},"time":1729852987544},{"box":{"left":2075,"right":3677,"top":2531,"bottom":5145},"time":1729852987585},{"box":{"left":2075,"right":3677,"top":2531,"bottom":5145},"time":1729852987647},{"box":{"left":2075,"right":3677,"top":2531,"bottom":5145},"time":1729852987708},{"box":{"left":2075,"right":3677,"top":2531,"bottom":5145},"time":1729852987770},{"box":{"left":2075,"right":3677,"top":2531,"bottom":5145},"time":1729852987882},{"box":{"left":2075,"right":3677,"top":2531,"bottom":5145},"time":1729852987934},{"box":{"left":2075,"right":3677,"top":2531,"bottom":5145},"time":1729852987994},{"box":{"left":2075,"right":3677,"top":2531,"bottom":5145},"time":1729852988055},{"box":{"left":2075,"right":3677,"top":2531,"bottom":5145},"time":1729852988105},{"box":{"left":2075,"right":3677,"top":2531,"bottom":5145},"time":1729852988169},{"box":{"left":2075,"right":3677,"top":2531,"bottom":5145},"time":1729852988219},{"box":{"left":2075,"right":3677,"top":2531,"bottom":5145},"time":1729852988290},{"box":{"left":2075,"right":3677,"top":2531,"bottom":5145},"time":1729852988341},{"box":{"left":2075,"right":3677,"top":2531,"bottom":5145},"time":1729852988403},{"box":{"left":2075,"right":3677,"top":2531,"bottom":5145},"time":1729852988457},{"box":{"left":2075,"right":3677,"top":2531,"bottom":5145},"time":1729852988507},{"box":{"left":2075,"right":3677,"top":2531,"bottom":5145},"time":1729852988570},,,,,
47382,Person,2024-10-25 19:43:04,2024-10-25 19:43:06,{"left":1843,"right":3010,"top":2049,"bottom":3635},{"box":{"left":1843,"right":3010,"top":2049,"bottom":3635},"time":1729852984849},{"box":{"left":1843,"right":3010,"top":2049,"bottom":3635},"time":1729852984911},{"box":{"left":1843,"right":3010,"top":2049,"bottom":3635},"time":1729852984963},{"box":{"left":1843,"right":3010,"top":2049,"bottom":3635},"time":1729852985076},{"box":{"left":1843,"right":3010,"top":2049,"bottom":3635},"time":1729852985189},{"box":{"left":1843,"right":3010,"top":2049,"bottom":3635},"time":1729852985309},{"box":{"left":1843,"right":3010,"top":2049,"bottom":3635},"time":1729852986138},{"box":{"left":1843,"right":3010,"top":2049,"bottom":3635},"time":1729852986178},{"box":{"left":1843,"right":3010,"top":2049,"bottom":3635},"time":1729852986229},,,,,
47383,Person,2024-10-25 19:43:06,2024-10-25 19:43:09,{"left":2768,"right":2676,"top":3093,"bottom":4832},{"box":{"left":2768,"right":2676,"top":3093,"bottom":4832},"time":1729852987493},{"box":{"left":2768,"right":2676,"top":3093,"bottom":4832},"time":1729852987717},{"box":{"left":2768,"right":2676,"top":3093,"bottom":4832},"time":1729852987779},{"box":{"left":2768,"right":2676,"top":3093,"bottom":4832},"time":1729852987821},{"box":{"left":2768,"right":2676,"top":3093,"bottom":4832},"time":1729852987891},{"box":{"left":2768,"right":2676,"top":3093,"bottom":4832},"time":1729852988114},{"box":{"left":2768,"right":2676,"top":3093,"bottom":4832},"time":1729852988178},{"box":{"left":2768,"right":2676,"top":3093,"bottom":4832},"time":1729852988350},{"box":{"left":2768,"right":2676,"top":3093,"bottom":4832},"time":1729852988412},{"box":{"left":2768,"right":2676,"top":3093,"bottom":4832},"time":1729852988466},{"box":{"left":2768,"right":2676,"top":3093,"bottom":4832},"time":1729852988516},{"box":{"left":2768,"right":2676,"top":3093,"bottom":4832},"time":1729852988579},{"box":{"left":2768,"right":2676,"top":3093,"bottom":4832},"time":1729852988631},{"box":{"left":2768,"right":2676,"top":3093,"bottom":4832},"time":1729852988693},{"box":{"left":2768,"right":2676,"top":3093,"bottom":4832},"time":1729852988734},{"box":{"left":2768,"right":2676,"top":3093,"bottom":4832},"time":1729852988785},{"box":{"left":2768,"right":2676,"top":3093,"bottom":4832},"time":1729852988845},{"box":{"left":2768,"right":2676,"top":3093,"bottom":4832},"time":1729852988959},{"box":{"left":2768,"right":2676,"top":3093,"bottom":4832},"time":1729852989019},{"box":{"left":2768,"right":2676,"top":3093,"bottom":4832},"time":1729852989070},{"box":{"left":2768,"right":2676,"top":3093,"bottom":4832},"time":1729852989131},{"box":{"left":2768,"right":2676,"top":3093,"bottom":4832},"time":1729852989183},{"box":{"left":2768,"right":2676,"top":3093,"bottom":4832},"time":1729852989243},{"box":{"left":2768,"right":2676,"top":3093,"bottom":4832},"time":1729852989293},{"box":{"left":2768,"right":2676,"top":3093,"bottom":4832},"time":1729852989353},{"box":{"left":2768,"right":2676,"top":3093,"bottom":4832},"time":1729852989414},{"box":{"left":2768,"right":2676,"top":3093,"bottom":4832},"time":1729852989468},{"box":{"left":2768,"right":2676,"top":3093,"bottom":4832},"time":1729852989529},{"box":{"left":2768,"right":2676,"top":3093,"bottom":4832},"time":1729852989579},{"box":{"left":2768,"right":2676,"top":3093,"bottom":4832},"time":1729852989640},,,,,
47385,Person,2024-10-25 19:43:08,2024-10-25 19:43:08,{"left":1949,"right":3791,"top":2675,"bottom":6916},{"box":{"left":1949,"right":3791,"top":2675,"bottom":6916},"time":1729852988743},,,,,
47386,Person,2024-10-25 19:43:08,2024-10-25 19:43:09,{"left":1850,"right":3281,"top":2256,"bottom":4604},,,,,
47387,Person,2024-10-25 19:43:09,2024-10-25 19:43:11,{"left":2812,"right":3375,"top":3412,"bottom":6394},{"box":{"left":2812,"right":3375,"top":3412,"bottom":6394},"time":1729852989361},{"box":{"left":2812,"right":3375,"top":3412,"bottom":6394},"time":1729852989422},{"box":{"left":2812,"right":3375,"top":3412,"bottom":6394},"time":1729852989476},{"box":{"left":2812,"right":3375,"top":3412,"bottom":6394},"time":1729852989537},{"box":{"left":2812,"right":3375,"top":3412,"bottom":6394},"time":1729852989587},{"box":{"left":2812,"right":3375,"top":3412,"bottom":6394},"time":1729852989648},{"box":{"left":2812,"right":3375,"top":3412,"bottom":6394},"time":1729852989700},{"box":{"left":2812,"right":3375,"top":3412,"bottom":6394},"time":1729852989742},{"box":{"left":2812,"right":3375,"top":3412,"bottom":6394},"time":1729852989801},{"box":{"left":2812,"right":3375,"top":3412,"bottom":6394},"time":1729852989864},{"box":{"left":2812,"right":3375,"top":3412,"bottom":6394},"time":1729852989924},{"box":{"left":2812,"right":3375,"top":3412,"bottom":6394},"time":1729852989976},{"box":{"left":2812,"right":3375,"top":3412,"bottom":6394},"time":1729852990036},{"box":{"left":2812,"right":3375,"top":3412,"bottom":6394},"time":1729852990088},{"box":{"left":2812,"right":3375,"top":3412,"bottom":6394},"time":1729852990138},{"box":{"left":2812,"right":3375,"top":3412,"bottom":6394},"time":1729852990199},{"box":{"left":2812,"right":3375,"top":3412,"bottom":6394},"time":1729852990312},{"box":{"left":2812,"right":3375,"top":3412,"bottom":6394},"time":1729852990372},{"box":{"left":2812,"right":3375,"top":3412,"bottom":6394},"time":1729852990484},{"box":{"left":2812,"right":3375,"top":3412,"bottom":6394},"time":1729852990938},{"box":{"left":2812,"right":3375,"top":3412,"bottom":6394},"time":1729852990989},{"box":{"left":2812,"right":3375,"top":3412,"bottom":6394},"time":1729852991040},{"box":{"left":2812,"right":3375,"top":3412,"bottom":6394},"time":1729852991157},{"box":{"left":2812,"right":3375,"top":3412,"bottom":6394},"time":1729852991334},,,,,
47388,Person,2024-10-25 19:43:09,2024-10-25 19:43:09,{"left":2600,"right":3395,"top":2975,"bottom":5145},,,,,
47389,Person,2024-10-25 19:43:11,2024-10-25 19:43:11,{"left":8418,"right":2791,"top":8743,"bottom":4104},,,,,
47390,Person,2024-10-25 19:43:13,2024-10-25 19:43:13,{"left":8431,"right":2676,"top":8768,"bottom":4185},{"box":{"left":8431,"right":2676,"top":8768,"bottom":4185},"time":1729852993570},,,,,
47391,Person,2024-10-25 19:43:17,2024-10-25 19:43:27,{"left":1937,"right":4291,"top":2587,"bottom":7395},{"box":{"left":1937,"right":4291,"top":2587,"bottom":7395},"time":1729852997195},{"box":{"left":1937,"right":4291,"top":2587,"bottom":7395},"time":1729852997316},{"box":{"left":1937,"right":4291,"top":2587,"bottom":7395},"time":1729852997368},{"box":{"left":1937,"right":4291,"top":2587,"bottom":7395},"time":1729852997416},{"box":{"left":1937,"right":4291,"top":2587,"bottom":7395},"time":1729852997479},{"box":{"left":1937,"right":4291,"top":2587,"bottom":7395},"time":1729852997537},{"box":{"left":1937,"right":4291,"top":2587,"bottom":7395},"time":1729852997588},{"box":{"left":1937,"right":4291,"top":2587,"bottom":7395},"time":1729852997649},{"box":{"left":1937,"right":4291,"top":2587,"bottom":7395},"time":1729852997699},{"box":{"left":1937,"right":4291,"top":2587,"bottom":7395},"time":1729852997812},{"box":{"left":1937,"right":4291,"top":2587,"bottom":7395},"time":1729852997867},{"box":{"left":1937,"right":4291,"top":2587,"bottom":7395},"time":1729852997926},{"box":{"left":1937,"right":4291,"top":2587,"bottom":7395},"time":1729852997984},{"box":{"left":1937,"right":4291,"top":2587,"bottom":7395},"time":1729852998046},{"box":{"left":1937,"right":4291,"top":2587,"bottom":7395},"time":1729852998097},{"box":{"left":1937,"right":4291,"top":2587,"bottom":7395},"time":1729852998160},{"box":{"left":1937,"right":4291,"top":2587,"bottom":7395},"time":1729852998219},{"box":{"left":1937,"right":4291,"top":2587,"bottom":7395},"time":1729852998270},{"box":{"left":1937,"right":4291,"top":2587,"bottom":7395},"time":1729852998331},{"box":{"left":1937,"right":4291,"top":2587,"bottom":7395},"time":1729852998384},{"box":{"left":1937,"right":4291,"top":2587,"bottom":7395},"time":1729852998446},{"box":{"left":1937,"right":4291,"top":2587,"bottom":7395},"time":1729852998506},{"box":{"left":1937,"right":4291,"top":2587,"bottom":7395},"time":1729852998559},{"box":{"left":1937,"right":4291,"top":2587,"bottom":7395},"time":1729852998618},{"box":{"left":1937,"right":4291,"top":2587,"bottom":7395},"time":1729852998669},{"box":{"left":1937,"right":4291,"top":2587,"bottom":7395},"time":1729852998720},{"box":{"left":1937,"right":4291,"top":2587,"bottom":7395},"time":1729852998781},{"box":{"left":1937,"right":4291,"top":2587,"bottom":7395},"time":1729852998832},{"box":{"left":1937,"right":4291,"top":2587,"bottom":7395},"time":1729852998892},{"box":{"left":1937,"right":4291,"top":2587,"bottom":7395},"time":1729852998953},{"box":{"left":1937,"right":4291,"top":2587,"bottom":7395},"time":1729852999006},{"box":{"left":1937,"right":4291,"top":2587,"bottom":7395},"time":1729852999064},{"box":{"left":1937,"right":4291,"top":2587,"bottom":7395},"time":1729852999115},{"box":{"left":1937,"right":4291,"top":2587,"bottom":7395},"time":1729852999177},{"box":{"left":1937,"right":4291,"top":2587,"bottom":7395},"time":1729852999229},{"box":{"left":1937,"right":4291,"top":2587,"bottom":7395},"time":1729852999280},{"box":{"left":1937,"right":4291,"top":2587,"bottom":7395},"time":1729852999340},{"box":{"left":1937,"right":4291,"top":2587,"bottom":7395},"time":1729852999391},{"box":{"left":1937,"right":4291,"top":2587,"bottom":7395},"time":1729852999452},{"box":{"left":1937,"right":4291,"top":2587,"bottom":7395},"time":1729852999515},{"box":{"left":1937,"right":4291,"top":2587,"bottom":7395},"time":1729852999566},{"box":{"left":1937,"right":4291,"top":2587,"bottom":7395},"time":1729852999625},{"box":{"left":1937,"right":4291,"top":2587,"bottom":7395},"time":1729852999686},{"box":{"left":1937,"right":4291,"top":2587,"bottom":7395},"time":1729852999738},{"box":{"left":1937,"right":4291,"top":2587,"bottom":7395},"time":1729852999789},{"box":{"left":1937,"right":4291,"top":2587,"bottom":7395},"time":1729852999852},{"box":{"left":1937,"right":4291,"top":2587,"bottom":7395},"time":1729852999912},{"box":{"left":1937,"right":4291,"top":2587,"bottom":7395},"time":1729852999962},{"box":{"left":1937,"right":4291,"top":2587,"bottom":7395},"time":1729853000023},{"box":{"left":1937,"right":4291,"top":2587,"bottom":7395},"time":1729853000074},{"box":{"left":1937,"right":4291,"top":2587,"bottom":7395},"time":1729853000133},{"box":{"left":1937,"right":4291,"top":2587,"bottom":7395},"time":1729853000194},{"box":{"left":1937,"right":4291,"top":2587,"bottom":7395},"time":1729853000245},{"box":{"left":1937,"right":4291,"top":2587,"bottom":7395},"time":1729853000306},{"box":{"left":1937,"right":4291,"top":2587,"bottom":7395},"time":1729853000358},{"box":{"left":1937,"right":4291,"top":2587,"bottom":7395},"time":1729853000420},{"box":{"left":1937,"right":4291,"top":2587,"bottom":7395},"time":1729853000471},{"box":{"left":1937,"right":4291,"top":2587,"bottom":7395},"time":1729853000531},{"box":{"left":1937,"right":4291,"top":2587,"bottom":7395},"time":1729853000583},{"box":{"left":1937,"right":4291,"top":2587,"bottom":7395},"time":1729853000631},{"box":{"left":1937,"right":4291,"top":2587,"bottom":7395},"time":1729853000693},{"box":{"left":1937,"right":4291,"top":2587,"bottom":7395},"time":1729853000755},{"box":{"left":1937,"right":4291,"top":2587,"bottom":7395},"time":1729853000816},{"box":{"left":1937,"right":4291,"top":2587,"bottom":7395},"time":1729853000865},{"box":{"left":1937,"right":4291,"top":2587,"bottom":7395},"time":1729853000925},{"box":{"left":1937,"right":4291,"top":2587,"bottom":7395},"time":1729853000978},{"box":{"left":1937,"right":4291,"top":2587,"bottom":7395},"time":1729853001040},{"box":{"left":1937,"right":4291,"top":2587,"bottom":7395},"time":1729853001100},{"box":{"left":1937,"right":4291,"top":2587,"bottom":7395},"time":1729853001150},{"box":{"left":1937,"right":4291,"top":2587,"bottom":7395},"time":1729853001200},{"box":{"left":1937,"right":4291,"top":2587,"bottom":7395},"time":1729853001260},{"box":{"left":1937,"right":4291,"top":2587,"bottom":7395},"time":1729853001310},{"box":{"left":1937,"right":4291,"top":2587,"bottom":7395},"time":1729853001372},{"box":{"left":1937,"right":4291,"top":2587,"bottom":7395},"time":1729853001424},{"box":{"left":1937,"right":4291,"top":2587,"bottom":7395},"time":1729853001486},{"box":{"left":1937,"right":4291,"top":2587,"bottom":7395},"time":1729853001545},{"box":{"left":1937,"right":4291,"top":2587,"bottom":7395},"time":1729853001597},{"box":{"left":1937,"right":4291,"top":2587,"bottom":7395},"time":1729853001648},{"box":{"left":1937,"right":4291,"top":2587,"bottom":7395},"time":1729853001709},{"box":{"left":1937,"right":4291,"top":2587,"bottom":7395},"time":1729853001761},{"box":{"left":1937,"right":4291,"top":2587,"bottom":7395},"time":1729853001822},{"box":{"left":1937,"right":4291,"top":2587,"bottom":7395},"time":1729853001872},{"box":{"left":1937,"right":4291,"top":2587,"bottom":7395},"time":1729853001932},{"box":{"left":1937,"right":4291,"top":2587,"bottom":7395},"time":1729853001982},{"box":{"left":1937,"right":4291,"top":2587,"bottom":7395},"time":1729853002044},{"box":{"left":1937,"right":4291,"top":2587,"bottom":7395},"time":1729853002101},{"box":{"left":1937,"right":4291,"top":2587,"bottom":7395},"time":1729853002159},{"box":{"left":1937,"right":4291,"top":2587,"bottom":7395},"time":1729853002218},{"box":{"left":1937,"right":4291,"top":2587,"bottom":7395},"time":1729853002270},{"box":{"left":1937,"right":4291,"top":2587,"bottom":7395},"time":1729853002333},{"box":{"left":1937,"right":4291,"top":2587,"bottom":7395},"time":1729853002384},{"box":{"left":1937,"right":4291,"top":2587,"bottom":7395},"time":1729853002444},{"box":{"left":1937,"right":4291,"top":2587,"bottom":7395},"time":1729853002494},{"box":{"left":1937,"right":4291,"top":2587,"bottom":7395},"time":1729853002557},{"box":{"left":1937,"right":4291,"top":2587,"bottom":7395},"time":1729853002607},{"box":{"left":1937,"right":4291,"top":2587,"bottom":7395},"time":1729853002668},{"box":{"left":1937,"right":4291,"top":2587,"bottom":7395},"time":1729853002719},{"box":{"left":1937,"right":4291,"top":2587,"bottom":7395},"time":1729853002778},{"box":{"left":1937,"right":4291,"top":2587,"bottom":7395},"time":1729853002829},{"box":{"left":1937,"right":4291,"top":2587,"bottom":7395},"time":1729853002891},{"box":{"left":1937,"right":4291,"top":2587,"bottom":7395},"time":1729853002942},{"box":{"left":1937,"right":4291,"top":2587,"bottom":7395},"time":1729853003006},{"box":{"left":1937,"right":4291,"top":2587,"bottom":7395},"time":1729853003065},{"box":{"left":1937,"right":4291,"top":2587,"bottom":7395},"time":1729853003115},{"box":{"left":1937,"right":4291,"top":2587,"bottom":7395},"time":1729853003177},{"box":{"left":1937,"right":4291,"top":2587,"bottom":7395},"time":1729853003238},{"box":{"left":1937,"right":4291,"top":2587,"bottom":7395},"time":1729853003289},{"box":{"left":1937,"right":4291,"top":2587,"bottom":7395},"time":1729853003350},{"box":{"left":1937,"right":4291,"top":2587,"bottom":7395},"time":1729853003410},{"box":{"left":1937,"right":4291,"top":2587,"bottom":7395},"time":1729853003461},{"box":{"left":1937,"right":4291,"top":2587,"bottom":7395},"time":1729853003524},{"box":{"left":1937,"right":4291,"top":2587,"bottom":7395},"time":1729853003576},{"box":{"left":1937,"right":4291,"top":2587,"bottom":7395},"time":1729853003633},{"box":{"left":1937,"right":4291,"top":2587,"bottom":7395},"time":1729853003696},{"box":{"left":1937,"right":4291,"top":2587,"bottom":7395},"time":1729853003746},{"box":{"left":1937,"right":4291,"top":2587,"bottom":7395},"time":1729853003799},{"box":{"left":1937,"right":4291,"top":2587,"bottom":7395},"time":1729853003858},{"box":{"left":1937,"right":4291,"top":2587,"bottom":7395},"time":1729853003909},{"box":{"left":1937,"right":4291,"top":2587,"bottom":7395},"time":1729853003958},{"box":{"left":1937,"right":4291,"top":2587,"bottom":7395},"time":1729853004019},{"box":{"left":1937,"right":4291,"top":2587,"bottom":7395},"time":1729853004082},{"box":{"left":1937,"right":4291,"top":2587,"bottom":7395},"time":1729853004132},{"box":{"left":1937,"right":4291,"top":2587,"bottom":7395},"time":1729853004194},{"box":{"left":1937,"right":4291,"top":2587,"bottom":7395},"time":1729853004254},{"box":{"left":1937,"right":4291,"top":2587,"bottom":7395},"time":1729853004314},{"box":{"left":1937,"right":4291,"top":2587,"bottom":7395},"time":1729853004365},{"box":{"left":1937,"right":4291,"top":2587,"bottom":7395},"time":1729853004427},{"box":{"left":1937,"right":4291,"top":2587,"bottom":7395},"time":1729853004478},{"box":{"left":1937,"right":4291,"top":2587,"bottom":7395},"time":1729853004528},{"box":{"left":1937,"right":4291,"top":2587,"bottom":7395},"time":1729853004590},{"box":{"left":1937,"right":4291,"top":2587,"bottom":7395},"time":1729853004649},{"box":{"left":1937,"right":4291,"top":2587,"bottom":7395},"time":1729853004700},{"box":{"left":1937,"right":4291,"top":2587,"bottom":7395},"time":1729853004763},{"box":{"left":1937,"right":4291,"top":2587,"bottom":7395},"time":1729853004825},{"box":{"left":1937,"right":4291,"top":2587,"bottom":7395},"time":1729853004877},{"box":{"left":1937,"right":4291,"top":2587,"bottom":7395},"time":1729853004934},{"box":{"left":1937,"right":4291,"top":2587,"bottom":7395},"time":1729853004986},{"box":{"left":1937,"right":4291,"top":2587,"bottom":7395},"time":1729853005040},{"box":{"left":1937,"right":4291,"top":2587,"bottom":7395},"time":1729853005093},{"box":{"left":1937,"right":4291,"top":2587,"bottom":7395},"time":1729853005536},{"box":{"left":1937,"right":4291,"top":2587,"bottom":7395},"time":1729853005598},{"box":{"left":1937,"right":4291,"top":2587,"bottom":7395},"time":1729853005872},{"box":{"left":1937,"right":4291,"top":2587,"bottom":7395},"time":1729853005983},{"box":{"left":1937,"right":4291,"top":2587,"bottom":7395},"time":1729853006045},{"box":{"left":1937,"right":4291,"top":2587,"bottom":7395},"time":1729853006549},{"box":{"left":1937,"right":4291,"top":2587,"bottom":7395},"time":1729853006832},{"box":{"left":1937,"right":4291,"top":2587,"bottom":7395},"time":1729853006893},{"box":{"left":1937,"right":4291,"top":2587,"bottom":7395},"time":1729853006944},{"box":{"left":1937,"right":4291,"top":2587,"bottom":7395},"time":1729853007228},{"box":{"left":1937,"right":4291,"top":2587,"bottom":7395},"time":1729853007289},{"box":{"left":1937,"right":4291,"top":2587,"bottom":7395},"time":1729853007339},{"box":{"left":1937,"right":4291,"top":2587,"bottom":7395},"time":1729853007348},{"box":{"left":1937,"right":4291,"top":2587,"bottom":7395},"time":1729853007501},{"box":{"left":1937,"right":4291,"top":2587,"bottom":7395},"time":1729853007572},{"box":{"left":1937,"right":4291,"top":2587,"bottom":7395},"time":1729853007581},{"box":{"left":1937,"right":4291,"top":2587,"bottom":7395},"time":1729853007623},{"box":{"left":1937,"right":4291,"top":2587,"bottom":7395},"time":1729853007632},,,,,
47392,Person,2024-10-25 19:43:17,2024-10-25 19:43:17,{"left":8401,"right":2764,"top":8613,"bottom":4273},,,,,
47393,Person,2024-10-25 19:43:24,2024-10-25 19:43:25,{"left":8300,"right":3010,"top":8581,"bottom":4552},,,,,
47394,Person,2024-10-25 19:43:33,2024-10-25 19:43:35,{"left":6062,"right":2750,"top":6493,"bottom":4531},{"box":{"left":6062,"right":2750,"top":6493,"bottom":4531},"time":1729853013664},{"box":{"left":6062,"right":2750,"top":6493,"bottom":4531},"time":1729853013716},{"box":{"left":6062,"right":2750,"top":6493,"bottom":4531},"time":1729853013778},{"box":{"left":6062,"right":2750,"top":6493,"bottom":4531},"time":1729853013837},{"box":{"left":6062,"right":2750,"top":6493,"bottom":4531},"time":1729853013888},{"box":{"left":6062,"right":2750,"top":6493,"bottom":4531},"time":1729853013950},{"box":{"left":6062,"right":2750,"top":6493,"bottom":4531},"time":1729853014011},{"box":{"left":6062,"right":2750,"top":6493,"bottom":4531},"time":1729853014063},{"box":{"left":6062,"right":2750,"top":6493,"bottom":4531},"time":1729853014124},{"box":{"left":6062,"right":2750,"top":6493,"bottom":4531},"time":1729853014184},{"box":{"left":6062,"right":2750,"top":6493,"bottom":4531},"time":1729853014236},{"box":{"left":6062,"right":2750,"top":6493,"bottom":4531},"time":1729853014297},{"box":{"left":6062,"right":2750,"top":6493,"bottom":4531},"time":1729853014349},{"box":{"left":6062,"right":2750,"top":6493,"bottom":4531},"time":1729853014400},{"box":{"left":6062,"right":2750,"top":6493,"bottom":4531},"time":1729853014461},{"box":{"left":6062,"right":2750,"top":6493,"bottom":4531},"time":1729853014510},{"box":{"left":6062,"right":2750,"top":6493,"bottom":4531},"time":1729853014574},{"box":{"left":6062,"right":2750,"top":6493,"bottom":4531},"time":1729853014624},{"box":{"left":6062,"right":2750,"top":6493,"bottom":4531},"time":1729853014684},{"box":{"left":6062,"right":2750,"top":6493,"bottom":4531},"time":1729853014734},{"box":{"left":6062,"right":2750,"top":6493,"bottom":4531},"time":1729853014796},{"box":{"left":6062,"right":2750,"top":6493,"bottom":4531},"time":1729853014846},{"box":{"left":6062,"right":2750,"top":6493,"bottom":4531},"time":1729853014907},{"box":{"left":6062,"right":2750,"top":6493,"bottom":4531},"time":1729853014957},{"box":{"left":6062,"right":2750,"top":6493,"bottom":4531},"time":1729853015019},{"box":{"left":6062,"right":2750,"top":6493,"bottom":4531},"time":1729853015079},{"box":{"left":6062,"right":2750,"top":6493,"bottom":4531},"time":1729853015131},{"box":{"left":6062,"right":2750,"top":6493,"bottom":4531},"time":1729853015192},{"box":{"left":6062,"right":2750,"top":6493,"bottom":4531},"time":1729853015245},,,,,
47395,Person,2024-10-25 19:43:35,2024-10-25 19:43:40,{"left":4437,"right":2967,"top":4724,"bottom":4446},{"box":{"left":4437,"right":2967,"top":4724,"bottom":4446},"time":1729853015579},{"box":{"left":4437,"right":2967,"top":4724,"bottom":4446},"time":1729853015638},{"box":{"left":4437,"right":2967,"top":4724,"bottom":4446},"time":1729853015689},{"box":{"left":4437,"right":2967,"top":4724,"bottom":4446},"time":1729853015739},{"box":{"left":4437,"right":2967,"top":4724,"bottom":4446},"time":1729853015802},{"box":{"left":4437,"right":2967,"top":4724,"bottom":4446},"time":1729853015861},{"box":{"left":4437,"right":2967,"top":4724,"bottom":4446},"time":1729853015913},{"box":{"left":4437,"right":2967,"top":4724,"bottom":4446},"time":1729853015973},{"box":{"left":4437,"right":2967,"top":4724,"bottom":4446},"time":1729853016023},{"box":{"left":4437,"right":2967,"top":4724,"bottom":4446},"time":1729853016075},{"box":{"left":4437,"right":2967,"top":4724,"bottom":4446},"time":1729853016136},{"box":{"left":4437,"right":2967,"top":4724,"bottom":4446},"time":1729853016186},{"box":{"left":4437,"right":2967,"top":4724,"bottom":4446},"time":1729853016237},{"box":{"left":4437,"right":2967,"top":4724,"bottom":4446},"time":1729853016297},{"box":{"left":4437,"right":2967,"top":4724,"bottom":4446},"time":1729853016350},{"box":{"left":4437,"right":2967,"top":4724,"bottom":4446},"time":1729853016411},{"box":{"left":4437,"right":2967,"top":4724,"bottom":4446},"time":1729853016461},{"box":{"left":4437,"right":2967,"top":4724,"bottom":4446},"time":1729853016511},{"box":{"left":4437,"right":2967,"top":4724,"bottom":4446},"time":1729853016572},{"box":{"left":4437,"right":2967,"top":4724,"bottom":4446},"time":1729853016624},{"box":{"left":4437,"right":2967,"top":4724,"bottom":4446},"time":1729853016676},{"box":{"left":4437,"right":2967,"top":4724,"bottom":4446},"time":1729853016736},{"box":{"left":4437,"right":2967,"top":4724,"bottom":4446},"time":1729853016791},{"box":{"left":4437,"right":2967,"top":4724,"bottom":4446},"time":1729853016851},{"box":{"left":4437,"right":2967,"top":4724,"bottom":4446},"time":1729853016903},{"box":{"left":4437,"right":2967,"top":4724,"bottom":4446},"time":1729853016962},{"box":{"left":4437,"right":2967,"top":4724,"bottom":4446},"time":1729853017242},{"box":{"left":4437,"right":2967,"top":4724,"bottom":4446},"time":1729853017295},{"box":{"left":4437,"right":2967,"top":4724,"bottom":4446},"time":1729853017345},{"box":{"left":4437,"right":2967,"top":4724,"bottom":4446},"time":1729853017407},{"box":{"left":4437,"right":2967,"top":4724,"bottom":4446},"time":1729853017457},{"box":{"left":4437,"right":2967,"top":4724,"bottom":4446},"time":1729853017520},{"box":{"left":4437,"right":2967,"top":4724,"bottom":4446},"time":1729853017581},{"box":{"left":4437,"right":2967,"top":4724,"bottom":4446},"time":1729853017632},{"box":{"left":4437,"right":2967,"top":4724,"bottom":4446},"time":1729853017692},{"box":{"left":4437,"right":2967,"top":4724,"bottom":4446},"time":1729853017743},{"box":{"left":4437,"right":2967,"top":4724,"bottom":4446},"time":1729853017805},{"box":{"left":4437,"right":2967,"top":4724,"bottom":4446},"time":1729853017855},{"box":{"left":4437,"right":2967,"top":4724,"bottom":4446},"time":1729853017917},{"box":{"left":4437,"right":2967,"top":4724,"bottom":4446},"time":1729853017968},{"box":{"left":4437,"right":2967,"top":4724,"bottom":4446},"time":1729853018030},{"box":{"left":4437,"right":2967,"top":4724,"bottom":4446},"time":1729853018080},{"box":{"left":4437,"right":2967,"top":4724,"bottom":4446},"time":1729853018141},{"box":{"left":4437,"right":2967,"top":4724,"bottom":4446},"time":1729853018190},{"box":{"left":4437,"right":2967,"top":4724,"bottom":4446},"time":1729853018253},{"box":{"left":4437,"right":2967,"top":4724,"bottom":4446},"time":1729853018303},{"box":{"left":4437,"right":2967,"top":4724,"bottom":4446},"time":1729853018365},{"box":{"left":4437,"right":2967,"top":4724,"bottom":4446},"time":1729853018417},{"box":{"left":4437,"right":2967,"top":4724,"bottom":4446},"time":1729853018466},{"box":{"left":4437,"right":2967,"top":4724,"bottom":4446},"time":1729853018527},{"box":{"left":4437,"right":2967,"top":4724,"bottom":4446},"time":1729853018588},{"box":{"left":4437,"right":2967,"top":4724,"bottom":4446},"time":1729853018639},{"box":{"left":4437,"right":2967,"top":4724,"bottom":4446},"time":1729853018702},{"box":{"left":4437,"right":2967,"top":4724,"bottom":4446},"time":1729853018752},{"box":{"left":4437,"right":2967,"top":4724,"bottom":4446},"time":1729853018813},{"box":{"left":4437,"right":2967,"top":4724,"bottom":4446},"time":1729853018863},{"box":{"left":4437,"right":2967,"top":4724,"bottom":4446},"time":1729853018926},{"box":{"left":4437,"right":2967,"top":4724,"bottom":4446},"time":1729853018986},{"box":{"left":4437,"right":2967,"top":4724,"bottom":4446},"time":1729853019037},{"box":{"left":4437,"right":2967,"top":4724,"bottom":4446},"time":1729853019097},{"box":{"left":4437,"right":2967,"top":4724,"bottom":4446},"time":1729853019150},{"box":{"left":4437,"right":2967,"top":4724,"bottom":4446},"time":1729853019211},{"box":{"left":4437,"right":2967,"top":4724,"bottom":4446},"time":1729853019262},{"box":{"left":4437,"right":2967,"top":4724,"bottom":4446},"time":1729853019312},{"box":{"left":4437,"right":2967,"top":4724,"bottom":4446},"time":1729853019373},{"box":{"left":4437,"right":2967,"top":4724,"bottom":4446},"time":1729853019424},{"box":{"left":4437,"right":2967,"top":4724,"bottom":4446},"time":1729853019486},{"box":{"left":4437,"right":2967,"top":4724,"bottom":4446},"time":1729853019595},{"box":{"left":4437,"right":2967,"top":4724,"bottom":4446},"time":1729853019660},{"box":{"left":4437,"right":2967,"top":4724,"bottom":4446},"time":1729853019712},{"box":{"left":4437,"right":2967,"top":4724,"bottom":4446},"time":1729853019767},{"box":{"left":4437,"right":2967,"top":4724,"bottom":4446},"time":1729853019945},{"box":{"left":4437,"right":2967,"top":4724,"bottom":4446},"time":1729853019998},{"box":{"left":4437,"right":2967,"top":4724,"bottom":4446},"time":1729853020053},{"box":{"left":4437,"right":2967,"top":4724,"bottom":4446},"time":1729853020105},{"box":{"left":4437,"right":2967,"top":4724,"bottom":4446},"time":1729853020165},{"box":{"left":4437,"right":2967,"top":4724,"bottom":4446},"time":1729853020226},{"box":{"left":4437,"right":2967,"top":4724,"bottom":4446},"time":1729853020277},{"box":{"left":4437,"right":2967,"top":4724,"bottom":4446},"time":1729853020338},{"box":{"left":4437,"right":2967,"top":4724,"bottom":4446},"time":1729853020399},{"box":{"left":4437,"right":2967,"top":4724,"bottom":4446},"time":1729853020450},{"box":{"left":4437,"right":2967,"top":4724,"bottom":4446},"time":1729853020511},,,,,
47396,Person,2024-10-25 19:43:37,2024-10-25 19:43:37,{"left":8518,"right":2728,"top":8774,"bottom":3707},,,,,
47397,Person,2024-10-25 19:43:44,2024-10-25 19:43:44,{"left":8518,"right":2656,"top":8806,"bottom":3656},,,,,
47399,Person,2024-10-25 19:44:07,2024-10-25 19:44:07,{"left":8512,"right":2856,"top":8843,"bottom":4324},{"box":{"left":8512,"right":2856,"top":8843,"bottom":4324},"time":1729853047781},,,,,
47400,Person,2024-10-25 19:44:17,2024-10-25 19:44:17,{"left":8312,"right":2760,"top":8606,"bottom":4208},,,,,
47401,Person,2024-10-25 19:44:29,2024-10-25 19:44:32,{"left":1850,"right":2822,"top":2181,"bottom":4457},{"box":{"left":1850,"right":2822,"top":2181,"bottom":4457},"time":1729853070125},{"box":{"left":1850,"right":2822,"top":2181,"bottom":4457},"time":1729853070176},{"box":{"left":1850,"right":2822,"top":2181,"bottom":4457},"time":1729853070237},{"box":{"left":1850,"right":2822,"top":2181,"bottom":4457},"time":1729853070290},{"box":{"left":1850,"right":2822,"top":2181,"bottom":4457},"time":1729853070340},{"box":{"left":1850,"right":2822,"top":2181,"bottom":4457},"time":1729853070918},{"box":{"left":1850,"right":2822,"top":2181,"bottom":4457},"time":1729853070970},{"box":{"left":1850,"right":2822,"top":2181,"bottom":4457},"time":1729853071019},{"box":{"left":1850,"right":2822,"top":2181,"bottom":4457},"time":1729853071082},{"box":{"left":1850,"right":2822,"top":2181,"bottom":4457},"time":1729853071134},{"box":{"left":1850,"right":2822,"top":2181,"bottom":4457},"time":1729853071196},{"box":{"left":1850,"right":2822,"top":2181,"bottom":4457},"time":1729853071257},{"box":{"left":1850,"right":2822,"top":2181,"bottom":4457},"time":1729853071308},{"box":{"left":1850,"right":2822,"top":2181,"bottom":4457},"time":1729853071358},{"box":{"left":1850,"right":2822,"top":2181,"bottom":4457},"time":1729853071419},{"box":{"left":1850,"right":2822,"top":2181,"bottom":4457},"time":1729853071469},{"box":{"left":1850,"right":2822,"top":2181,"bottom":4457},"time":1729853071533},{"box":{"left":1850,"right":2822,"top":2181,"bottom":4457},"time":1729853071583},{"box":{"left":1850,"right":2822,"top":2181,"bottom":4457},"time":1729853071645},{"box":{"left":1850,"right":2822,"top":2181,"bottom":4457},"time":1729853071694},{"box":{"left":1850,"right":2822,"top":2181,"bottom":4457},"time":1729853071756},{"box":{"left":1850,"right":2822,"top":2181,"bottom":4457},"time":1729853071818},{"box":{"left":1850,"right":2822,"top":2181,"bottom":4457},"time":1729853071866},{"box":{"left":1850,"right":2822,"top":2181,"bottom":4457},"time":1729853071927},{"box":{"left":1850,"right":2822,"top":2181,"bottom":4457},"time":1729853071989},{"box":{"left":1850,"right":2822,"top":2181,"bottom":4457},"time":1729853072044},{"box":{"left":1850,"right":2822,"top":2181,"bottom":4457},"time":1729853072105},{"box":{"left":1850,"right":2822,"top":2181,"bottom":4457},"time":1729853072150},{"box":{"left":1850,"right":2822,"top":2181,"bottom":4457},"time":1729853072212},{"box":{"left":1850,"right":2822,"top":2181,"bottom":4457},"time":1729853072264},{"box":{"left":1850,"right":2822,"top":2181,"bottom":4457},"time":1729853072315},{"box":{"left":1850,"right":2822,"top":2181,"bottom":4457},"time":1729853072375},{"box":{"left":1850,"right":2822,"top":2181,"bottom":4457},"time":1729853072495},{"box":{"left":1850,"right":2822,"top":2181,"bottom":4457},"time":1729853072554},{"box":{"left":1850,"right":2822,"top":2181,"bottom":4457},"time":1729853072730},,,,,
47402,Person,2024-10-25 19:44:30,2024-10-25 19:44:30,{"left":9342,"right":3019,"top":9592,"bottom":4040},,,,,
47403,Person,2024-10-25 19:44:41,2024-10-25 19:44:45,{"left":1887,"right":3186,"top":2412,"bottom":5394},{"box":{"left":1887,"right":3186,"top":2412,"bottom":5394},"time":1729853082297},{"box":{"left":1887,"right":3186,"top":2412,"bottom":5394},"time":1729853082359},{"box":{"left":1887,"right":3186,"top":2412,"bottom":5394},"time":1729853082418},{"box":{"left":1887,"right":3186,"top":2412,"bottom":5394},"time":1729853082469},{"box":{"left":1887,"right":3186,"top":2412,"bottom":5394},"time":1729853082531},{"box":{"left":1887,"right":3186,"top":2412,"bottom":5394},"time":1729853082593},{"box":{"left":1887,"right":3186,"top":2412,"bottom":5394},"time":1729853082654},{"box":{"left":1887,"right":3186,"top":2412,"bottom":5394},"time":1729853082704},{"box":{"left":1887,"right":3186,"top":2412,"bottom":5394},"time":1729853082766},{"box":{"left":1887,"right":3186,"top":2412,"bottom":5394},"time":1729853082826},{"box":{"left":1887,"right":3186,"top":2412,"bottom":5394},"time":1729853082877},{"box":{"left":1887,"right":3186,"top":2412,"bottom":5394},"time":1729853082939},{"box":{"left":1887,"right":3186,"top":2412,"bottom":5394},"time":1729853082989},{"box":{"left":1887,"right":3186,"top":2412,"bottom":5394},"time":1729853083039},{"box":{"left":1887,"right":3186,"top":2412,"bottom":5394},"time":1729853083101},{"box":{"left":1887,"right":3186,"top":2412,"bottom":5394},"time":1729853083151},{"box":{"left":1887,"right":3186,"top":2412,"bottom":5394},"time":1729853083213},{"box":{"left":1887,"right":3186,"top":2412,"bottom":5394},"time":1729853083264},{"box":{"left":1887,"right":3186,"top":2412,"bottom":5394},"time":1729853083325},{"box":{"left":1887,"right":3186,"top":2412,"bottom":5394},"time":1729853083376},{"box":{"left":1887,"right":3186,"top":2412,"bottom":5394},"time":1729853083439},{"box":{"left":1887,"right":3186,"top":2412,"bottom":5394},"time":1729853083489},{"box":{"left":1887,"right":3186,"top":2412,"bottom":5394},"time":1729853083549},{"box":{"left":1887,"right":3186,"top":2412,"bottom":5394},"time":1729853083600},{"box":{"left":1887,"right":3186,"top":2412,"bottom":5394},"time":1729853083663},{"box":{"left":1887,"right":3186,"top":2412,"bottom":5394},"time":1729853083714},{"box":{"left":1887,"right":3186,"top":2412,"bottom":5394},"time":1729853083774},{"box":{"left":1887,"right":3186,"top":2412,"bottom":5394},"time":1729853083835},{"box":{"left":1887,"right":3186,"top":2412,"bottom":5394},"time":1729853083894},{"box":{"left":1887,"right":3186,"top":2412,"bottom":5394},"time":1729853083944},{"box":{"left":1887,"right":3186,"top":2412,"bottom":5394},"time":1729853084005},{"box":{"left":1887,"right":3186,"top":2412,"bottom":5394},"time":1729853084057},{"box":{"left":1887,"right":3186,"top":2412,"bottom":5394},"time":1729853084120},{"box":{"left":1887,"right":3186,"top":2412,"bottom":5394},"time":1729853084180},{"box":{"left":1887,"right":3186,"top":2412,"bottom":5394},"time":1729853084233},{"box":{"left":1887,"right":3186,"top":2412,"bottom":5394},"time":1729853084291},{"box":{"left":1887,"right":3186,"top":2412,"bottom":5394},"time":1729853084351},{"box":{"left":1887,"right":3186,"top":2412,"bottom":5394},"time":1729853084404},{"box":{"left":1887,"right":3186,"top":2412,"bottom":5394},"time":1729853084464},{"box":{"left":1887,"right":3186,"top":2412,"bottom":5394},"time":1729853084516},{"box":{"left":1887,"right":3186,"top":2412,"bottom":5394},"time":1729853084566},{"box":{"left":1887,"right":3186,"top":2412,"bottom":5394},"time":1729853084627},{"box":{"left":1887,"right":3186,"top":2412,"bottom":5394},"time":1729853084690},{"box":{"left":1887,"right":3186,"top":2412,"bottom":5394},"time":1729853084741},{"box":{"left":1887,"right":3186,"top":2412,"bottom":5394},"time":1729853084801},{"box":{"left":1887,"right":3186,"top":2412,"bottom":5394},"time":1729853084851},{"box":{"left":1887,"right":3186,"top":2412,"bottom":5394},"time":1729853084911},{"box":{"left":1887,"right":3186,"top":2412,"bottom":5394},"time":1729853084964},{"box":{"left":1887,"right":3186,"top":2412,"bottom":5394},"time":1729853085024},{"box":{"left":1887,"right":3186,"top":2412,"bottom":5394},"time":1729853085075},{"box":{"left":1887,"right":3186,"top":2412,"bottom":5394},"time":1729853085138},{"box":{"left":1887,"right":3186,"top":2412,"bottom":5394},"time":1729853085190},{"box":{"left":1887,"right":3186,"top":2412,"bottom":5394},"time":1729853085873},,,,,