5428,Person,2024-11-09 11:33:31,2024-11-09 11:33:38,"{""box"":{""left"":6805,""right"":3846,""top"":7729,""bottom"":5700},""time"":1731119611708},{""box"":{""left"":6805,""right"":3846,""top"":7729,""bottom"":5700},""time"":1731119612047},{""box"":{""left"":6805,""right"":3846,""top"":7729,""bottom"":5700},""time"":1731119613012},{""box"":{""left"":6805,""right"":3846,""top"":7729,""bottom"":5700},""time"":1731119614041},{""box"":{""left"":6805,""right"":3846,""top"":7729,""bottom"":5700},""time"":1731119615060},{""box"":{""left"":6805,""right"":3846,""top"":7729,""bottom"":5700},""time"":1731119616015},{""box"":{""left"":6805,""right"":3846,""top"":7729,""bottom"":5700},""time"":1731119617046},{""box"":{""left"":6805,""right"":3846,""top"":7729,""bottom"":5700},""time"":1731119618013}",,,,,
5440,Person,2024-11-09 11:33:31,2024-11-09 11:33:40,"{""box"":{""left"":8468,""right"":3706,""top"":8970,""bottom"":5876},""time"":1731119611710},{""box"":{""left"":8468,""right"":3706,""top"":8970,""bottom"":5876},""time"":1731119612050},{""box"":{""left"":8468,""right"":3706,""top"":8970,""bottom"":5876},""time"":1731119613014},{""box"":{""left"":8468,""right"":3706,""top"":8970,""bottom"":5876},""time"":1731119614043},{""box"":{""left"":8468,""right"":3706,""top"":8970,""bottom"":5876},""time"":1731119615063},{""box"":{""left"":8468,""right"":3706,""top"":8970,""bottom"":5876},""time"":1731119616018},{""box"":{""left"":8468,""right"":3706,""top"":8970,""bottom"":5876},""time"":1731119617048},{""box"":{""left"":8468,""right"":3706,""top"":8970,""bottom"":5876},""time"":1731119618017},{""box"":{""left"":8468,""right"":3706,""top"":8970,""bottom"":5876},""time"":1731119619038},{""box"":{""left"":8468,""right"":3706,""top"":8970,""bottom"":5876},""time"":1731119620000}",,,,,
5441,Person,2024-11-09 11:33:31,2024-11-09 11:33:34,"{""box"":{""left"":8826,""right"":3765,""top"":9469,""bottom"":6352},""time"":1731119611711},{""box"":{""left"":8826,""right"":3765,""top"":9469,""bottom"":6352},""time"":1731119612052},{""box"":{""left"":8826,""right"":3765,""top"":9469,""bottom"":6352},""time"":1731119613015},{""box"":{""left"":8826,""right"":3765,""top"":9469,""bottom"":6352},""time"":1731119614045}",,,,,
5442,Person,2024-11-09 11:33:34,2024-11-09 11:33:36,"{""box"":{""left"":8650,""right"":7228,""top"":9962,""bottom"":9999},""time"":1731119614443},{""box"":{""left"":8650,""right"":7228,""top"":9962,""bottom"":9999},""time"":1731119616133}",,,,,
5443,Person,2024-11-09 11:33:34,2024-11-09 11:33:39,"{""box"":{""left"":7043,""right"":3343,""top"":7643,""bottom"":5010},""time"":1731119614492},{""box"":{""left"":7043,""right"":3343,""top"":7643,""bottom"":5010},""time"":1731119615000},{""box"":{""left"":7043,""right"":3343,""top"":7643,""bottom"":5010},""time"":1731119616019},{""box"":{""left"":7043,""right"":3343,""top"":7643,""bottom"":5010},""time"":1731119617050},{""box"":{""left"":7043,""right"":3343,""top"":7643,""bottom"":5010},""time"":1731119618018},{""box"":{""left"":7043,""right"":3343,""top"":7643,""bottom"":5010},""time"":1731119619039}",,,,,
5444,Person,2024-11-09 11:33:36,2024-11-09 11:33:46,"{""box"":{""left"":1743,""right"":2406,""top"":1943,""bottom"":3375},""time"":1731119616244},{""box"":{""left"":1743,""right"":2406,""top"":1943,""bottom"":3375},""time"":1731119618019},{""box"":{""left"":1743,""right"":2406,""top"":1943,""bottom"":3375},""time"":1731119619041},{""box"":{""left"":1743,""right"":2406,""top"":1943,""bottom"":3375},""time"":1731119620001},{""box"":{""left"":1743,""right"":2406,""top"":1943,""bottom"":3375},""time"":1731119621040},{""box"":{""left"":1743,""right"":2406,""top"":1943,""bottom"":3375},""time"":1731119622012},{""box"":{""left"":1743,""right"":2406,""top"":1943,""bottom"":3375},""time"":1731119623030},{""box"":{""left"":1743,""right"":2406,""top"":1943,""bottom"":3375},""time"":1731119624007},{""box"":{""left"":1743,""right"":2406,""top"":1943,""bottom"":3375},""time"":1731119625035},{""box"":{""left"":1743,""right"":2406,""top"":1943,""bottom"":3375},""time"":1731119626027}",,,,,
5445,Person,2024-11-09 11:33:37,2024-11-09 11:33:37,"{""box"":{""left"":8762,""right"":5395,""top"":10000,""bottom"":9645},""time"":1731119617451}",,,,,
5446,Person,2024-11-09 11:33:38,2024-11-09 11:33:38,"{""box"":{""left"":8550,""right"":6125,""top"":10000,""bottom"":10000},""time"":1731119618141}",,,,,
5447,Person,2024-11-09 11:33:39,2024-11-09 11:33:39,"{""box"":{""left"":9067,""right"":4922,""top"":9755,""bottom"":6616},""time"":1731119619662}",,,,,
5448,Person,2024-11-09 11:33:38,2024-11-09 11:33:42,"{""box"":{""left"":8675,""right"":5207,""top"":9837,""bottom"":9449},""time"":1731119618980},{""box"":{""left"":8675,""right"":5207,""top"":9837,""bottom"":9449},""time"":1731119620003},{""box"":{""left"":8675,""right"":5207,""top"":9837,""bottom"":9449},""time"":1731119621041},{""box"":{""left"":8675,""right"":5207,""top"":9837,""bottom"":9449},""time"":1731119622015}",,,,,
5449,Person,2024-11-09 11:33:40,2024-11-09 11:33:55,"{""box"":{""left"":1762,""right"":2770,""top"":1899,""bottom"":3385},""time"":1731119620125},{""box"":{""left"":1762,""right"":2770,""top"":1899,""bottom"":3385},""time"":1731119623032},{""box"":{""left"":1762,""right"":2770,""top"":1899,""bottom"":3385},""time"":1731119624010},{""box"":{""left"":1762,""right"":2770,""top"":1899,""bottom"":3385},""time"":1731119625037},{""box"":{""left"":1762,""right"":2770,""top"":1899,""bottom"":3385},""time"":1731119626029},{""box"":{""left"":1762,""right"":2770,""top"":1899,""bottom"":3385},""time"":1731119627057},{""box"":{""left"":1762,""right"":2770,""top"":1899,""bottom"":3385},""time"":1731119628014},{""box"":{""left"":1762,""right"":2770,""top"":1899,""bottom"":3385},""time"":1731119629043},{""box"":{""left"":1762,""right"":2770,""top"":1899,""bottom"":3385},""time"":1731119630015},{""box"":{""left"":1762,""right"":2770,""top"":1899,""bottom"":3385},""time"":1731119631033},{""box"":{""left"":1762,""right"":2770,""top"":1899,""bottom"":3385},""time"":1731119632045},{""box"":{""left"":1762,""right"":2770,""top"":1899,""bottom"":3385},""time"":1731119633006},{""box"":{""left"":1762,""right"":2770,""top"":1899,""bottom"":3385},""time"":1731119634052},{""box"":{""left"":1762,""right"":2770,""top"":1899,""bottom"":3385},""time"":1731119635032}",,,,,
5450,Person,2024-11-09 11:33:40,2024-11-09 11:33:46,"{""box"":{""left"":9337,""right"":5416,""top"":9987,""bottom"":8104},""time"":1731119620404},{""box"":{""left"":9337,""right"":5416,""top"":9987,""bottom"":8104},""time"":1731119621957},{""box"":{""left"":9337,""right"":5416,""top"":9987,""bottom"":8104},""time"":1731119622130},{""box"":{""left"":9337,""right"":5416,""top"":9987,""bottom"":8104},""time"":1731119623147},{""box"":{""left"":9337,""right"":5416,""top"":9987,""bottom"":8104},""time"":1731119624013},{""box"":{""left"":9337,""right"":5416,""top"":9987,""bottom"":8104},""time"":1731119625039},{""box"":{""left"":9337,""right"":5416,""top"":9987,""bottom"":8104},""time"":1731119626031}",,,,,
5451,Person,2024-11-09 11:33:40,2024-11-09 11:33:48,"{""box"":{""left"":8825,""right"":4604,""top"":9449,""bottom"":6791},""time"":1731119620870},{""box"":{""left"":8825,""right"":4604,""top"":9449,""bottom"":6791},""time"":1731119621506},{""box"":{""left"":8825,""right"":4604,""top"":9449,""bottom"":6791},""time"":1731119622020},{""box"":{""left"":8825,""right"":4604,""top"":9449,""bottom"":6791},""time"":1731119623150},{""box"":{""left"":8825,""right"":4604,""top"":9449,""bottom"":6791},""time"":1731119624015},{""box"":{""left"":8825,""right"":4604,""top"":9449,""bottom"":6791},""time"":1731119625041},{""box"":{""left"":8825,""right"":4604,""top"":9449,""bottom"":6791},""time"":1731119626033},{""box"":{""left"":8825,""right"":4604,""top"":9449,""bottom"":6791},""time"":1731119627059},{""box"":{""left"":8825,""right"":4604,""top"":9449,""bottom"":6791},""time"":1731119628017}",,,,,
5452,Person,2024-11-09 11:33:41,2024-11-09 11:33:46,"{""box"":{""left"":6207,""right"":8007,""top"":7549,""bottom"":10000},""time"":1731119621785},{""box"":{""left"":6207,""right"":8007,""top"":7549,""bottom"":10000},""time"":1731119622023},{""box"":{""left"":6207,""right"":8007,""top"":7549,""bottom"":10000},""time"":1731119623152},{""box"":{""left"":6207,""right"":8007,""top"":7549,""bottom"":10000},""time"":1731119624018},{""box"":{""left"":6207,""right"":8007,""top"":7549,""bottom"":10000},""time"":1731119625043},{""box"":{""left"":6207,""right"":8007,""top"":7549,""bottom"":10000},""time"":1731119626036}",,,,,
5453,Person,2024-11-09 11:33:41,2024-11-09 11:33:57,"{""box"":{""left"":1743,""right"":2437,""top"":1918,""bottom"":3552},""time"":1731119621896},{""box"":{""left"":1743,""right"":2437,""top"":1918,""bottom"":3552},""time"":1731119623154},{""box"":{""left"":1743,""right"":2437,""top"":1918,""bottom"":3552},""time"":1731119624021},{""box"":{""left"":1743,""right"":2437,""top"":1918,""bottom"":3552},""time"":1731119625046},{""box"":{""left"":1743,""right"":2437,""top"":1918,""bottom"":3552},""time"":1731119626038},{""box"":{""left"":1743,""right"":2437,""top"":1918,""bottom"":3552},""time"":1731119627161},{""box"":{""left"":1743,""right"":2437,""top"":1918,""bottom"":3552},""time"":1731119628250},{""box"":{""left"":1743,""right"":2437,""top"":1918,""bottom"":3552},""time"":1731119629046},{""box"":{""left"":1743,""right"":2437,""top"":1918,""bottom"":3552},""time"":1731119630018},{""box"":{""left"":1743,""right"":2437,""top"":1918,""bottom"":3552},""time"":1731119631038},{""box"":{""left"":1743,""right"":2437,""top"":1918,""bottom"":3552},""time"":1731119632050},{""box"":{""left"":1743,""right"":2437,""top"":1918,""bottom"":3552},""time"":1731119633011},{""box"":{""left"":1743,""right"":2437,""top"":1918,""bottom"":3552},""time"":1731119634054},{""box"":{""left"":1743,""right"":2437,""top"":1918,""bottom"":3552},""time"":1731119635039},{""box"":{""left"":1743,""right"":2437,""top"":1918,""bottom"":3552},""time"":1731119636062},{""box"":{""left"":1743,""right"":2437,""top"":1918,""bottom"":3552},""time"":1731119637026}",,,,,
5455,Person,2024-11-09 11:33:46,2024-11-09 11:33:46,"{""box"":{""left"":9007,""right"":4436,""top"":9501,""bottom"":5592},""time"":1731119626149}",,,,,
5456,Person,2024-11-09 11:33:46,2024-11-09 11:34:02,"{""box"":{""left"":8791,""right"":4685,""top"":9458,""bottom"":7751},""time"":1731119626326},{""box"":{""left"":8791,""right"":4685,""top"":9458,""bottom"":7751},""time"":1731119627164},{""box"":{""left"":8791,""right"":4685,""top"":9458,""bottom"":7751},""time"":1731119628415},{""box"":{""left"":8791,""right"":4685,""top"":9458,""bottom"":7751},""time"":1731119629048},{""box"":{""left"":8791,""right"":4685,""top"":9458,""bottom"":7751},""time"":1731119630197},{""box"":{""left"":8791,""right"":4685,""top"":9458,""bottom"":7751},""time"":1731119631042},{""box"":{""left"":8791,""right"":4685,""top"":9458,""bottom"":7751},""time"":1731119632053},{""box"":{""left"":8791,""right"":4685,""top"":9458,""bottom"":7751},""time"":1731119633013},{""box"":{""left"":8791,""right"":4685,""top"":9458,""bottom"":7751},""time"":1731119634056},{""box"":{""left"":8791,""right"":4685,""top"":9458,""bottom"":7751},""time"":1731119635042},{""box"":{""left"":8791,""right"":4685,""top"":9458,""bottom"":7751},""time"":1731119636000},{""box"":{""left"":8791,""right"":4685,""top"":9458,""bottom"":7751},""time"":1731119637024},{""box"":{""left"":8791,""right"":4685,""top"":9458,""bottom"":7751},""time"":1731119638013},{""box"":{""left"":8791,""right"":4685,""top"":9458,""bottom"":7751},""time"":1731119639036},{""box"":{""left"":8791,""right"":4685,""top"":9458,""bottom"":7751},""time"":1731119640010},{""box"":{""left"":8791,""right"":4685,""top"":9458,""bottom"":7751},""time"":1731119641042},{""box"":{""left"":8791,""right"":4685,""top"":9458,""bottom"":7751},""time"":1731119642011}",,,,,
5457,Person,2024-11-09 11:33:47,2024-11-09 11:33:47,"{""box"":{""left"":9168,""right"":4007,""top"":9587,""bottom"":6100},""time"":1731119627165}",,,,,
5458,Person,2024-11-09 11:33:48,2024-11-09 11:33:57,"{""box"":{""left"":8800,""right"":3729,""top"":9387,""bottom"":5562},""time"":1731119628416},{""box"":{""left"":8800,""right"":3729,""top"":9387,""bottom"":5562},""time"":1731119629051},{""box"":{""left"":8800,""right"":3729,""top"":9387,""bottom"":5562},""time"":1731119630200},{""box"":{""left"":8800,""right"":3729,""top"":9387,""bottom"":5562},""time"":1731119631045},{""box"":{""left"":8800,""right"":3729,""top"":9387,""bottom"":5562},""time"":1731119632055},{""box"":{""left"":8800,""right"":3729,""top"":9387,""bottom"":5562},""time"":1731119633017},{""box"":{""left"":8800,""right"":3729,""top"":9387,""bottom"":5562},""time"":1731119634001},{""box"":{""left"":8800,""right"":3729,""top"":9387,""bottom"":5562},""time"":1731119635045},{""box"":{""left"":8800,""right"":3729,""top"":9387,""bottom"":5562},""time"":1731119636001},{""box"":{""left"":8800,""right"":3729,""top"":9387,""bottom"":5562},""time"":1731119637028}",,,,,
5459,Face,2024-11-09 11:33:53,2024-11-09 11:33:55,"{""box"":{""left"":3570,""right"":4726,""top"":3914,""bottom"":5195},""time"":1731119633874}","18,24",male,,,
5460,Face,2024-11-09 11:33:54,2024-11-09 11:33:57,"{""box"":{""left"":5976,""right"":4742,""top"":6320,""bottom"":5242},""time"":1731119634682},{""box"":{""left"":5936,""right"":5076,""top"":6284,""bottom"":5576},""time"":1731119635089},{""box"":{""left"":6218,""right"":7042,""top"":6623,""bottom"":7675},""time"":1731119637030}","6,12",male,,,
5461,Person,2024-11-09 11:33:55,2024-11-09 11:33:57,"{""box"":{""left"":9300,""right"":5375,""top"":10000,""bottom"":8708},""time"":1731119635290},{""box"":{""left"":9300,""right"":5375,""top"":10000,""bottom"":8708},""time"":1731119636004},{""box"":{""left"":9300,""right"":5375,""top"":10000,""bottom"":8708},""time"":1731119637031}",,,,,
5462,Person,2024-11-09 11:33:58,2024-11-09 11:34:15,"{""box"":{""left"":8312,""right"":4000,""top"":8687,""bottom"":5770},""time"":1731119638128},{""box"":{""left"":8312,""right"":4000,""top"":8687,""bottom"":5770},""time"":1731119639037},{""box"":{""left"":8312,""right"":4000,""top"":8687,""bottom"":5770},""time"":1731119640013},{""box"":{""left"":8312,""right"":4000,""top"":8687,""bottom"":5770},""time"":1731119641047},{""box"":{""left"":8312,""right"":4000,""top"":8687,""bottom"":5770},""time"":1731119642014},{""box"":{""left"":8312,""right"":4000,""top"":8687,""bottom"":5770},""time"":1731119643040},{""box"":{""left"":8312,""right"":4000,""top"":8687,""bottom"":5770},""time"":1731119644049},{""box"":{""left"":8312,""right"":4000,""top"":8687,""bottom"":5770},""time"":1731119645041},{""box"":{""left"":8312,""right"":4000,""top"":8687,""bottom"":5770},""time"":1731119646001},{""box"":{""left"":8312,""right"":4000,""top"":8687,""bottom"":5770},""time"":1731119647021},{""box"":{""left"":8312,""right"":4000,""top"":8687,""bottom"":5770},""time"":1731119648049},{""box"":{""left"":8312,""right"":4000,""top"":8687,""bottom"":5770},""time"":1731119649057},{""box"":{""left"":8312,""right"":4000,""top"":8687,""bottom"":5770},""time"":1731119650017},{""box"":{""left"":8312,""right"":4000,""top"":8687,""bottom"":5770},""time"":1731119651035},{""box"":{""left"":8312,""right"":4000,""top"":8687,""bottom"":5770},""time"":1731119652048},{""box"":{""left"":8312,""right"":4000,""top"":8687,""bottom"":5770},""time"":1731119653017},{""box"":{""left"":8312,""right"":4000,""top"":8687,""bottom"":5770},""time"":1731119654001},{""box"":{""left"":8312,""right"":4000,""top"":8687,""bottom"":5770},""time"":1731119655022}",,,,,
5463,Person,2024-11-09 11:34:02,2024-11-09 11:34:06,"{""box"":{""left"":4887,""right"":7833,""top"":6200,""bottom"":10000},""time"":1731119642808},{""box"":{""left"":4887,""right"":7833,""top"":6200,""bottom"":10000},""time"":1731119643042},{""box"":{""left"":4887,""right"":7833,""top"":6200,""bottom"":10000},""time"":1731119644051},{""box"":{""left"":4887,""right"":7833,""top"":6200,""bottom"":10000},""time"":1731119645044},{""box"":{""left"":4887,""right"":7833,""top"":6200,""bottom"":10000},""time"":1731119646004}",,,,,
5464,Face,2024-11-09 11:34:03,2024-11-09 11:34:04,"{""box"":{""left"":4093,""right"":7233,""top"":4478,""bottom"":7799},""time"":1731119643861}","6,12",male,,,
5465,Person,2024-11-09 11:34:08,2024-11-09 11:34:08,"{""box"":{""left"":1768,""right"":2593,""top"":1936,""bottom"":3760},""time"":1731119648217}",,,,,
5466,Person,2024-11-09 11:34:12,2024-11-09 11:34:28,"{""box"":{""left"":1575,""right"":6082,""top"":2975,""bottom"":9999},""time"":1731119652970},{""box"":{""left"":1575,""right"":6082,""top"":2975,""bottom"":9999},""time"":1731119653137},{""box"":{""left"":1575,""right"":6082,""top"":2975,""bottom"":9999},""time"":1731119654004},{""box"":{""left"":1575,""right"":6082,""top"":2975,""bottom"":9999},""time"":1731119655028},{""box"":{""left"":1575,""right"":6082,""top"":2975,""bottom"":9999},""time"":1731119656048},{""box"":{""left"":1575,""right"":6082,""top"":2975,""bottom"":9999},""time"":1731119657010},{""box"":{""left"":1575,""right"":6082,""top"":2975,""bottom"":9999},""time"":1731119658035},{""box"":{""left"":1575,""right"":6082,""top"":2975,""bottom"":9999},""time"":1731119659046},{""box"":{""left"":1575,""right"":6082,""top"":2975,""bottom"":9999},""time"":1731119660007},{""box"":{""left"":1575,""right"":6082,""top"":2975,""bottom"":9999},""time"":1731119661038},{""box"":{""left"":1575,""right"":6082,""top"":2975,""bottom"":9999},""time"":1731119662009},{""box"":{""left"":1575,""right"":6082,""top"":2975,""bottom"":9999},""time"":1731119663033},{""box"":{""left"":1575,""right"":6082,""top"":2975,""bottom"":9999},""time"":1731119664045},{""box"":{""left"":1575,""right"":6082,""top"":2975,""bottom"":9999},""time"":1731119665031},{""box"":{""left"":1575,""right"":6082,""top"":2975,""bottom"":9999},""time"":1731119666042},{""box"":{""left"":1575,""right"":6082,""top"":2975,""bottom"":9999},""time"":1731119667006},{""box"":{""left"":1575,""right"":6082,""top"":2975,""bottom"":9999},""time"":1731119668357}",,,,,
5467,Person,2024-11-09 11:34:14,2024-11-09 11:34:15,"{""box"":{""left"":246,""right"":5099,""top"":1696,""bottom"":9703},""time"":1731119654345},{""box"":{""left"":246,""right"":5099,""top"":1696,""bottom"":9703},""time"":1731119655031}",,,,,
5468,Person,2024-11-09 11:34:16,2024-11-09 11:34:37,"{""box"":{""left"":6387,""right"":2718,""top"":6687,""bottom"":4427},""time"":1731119656784},{""box"":{""left"":6387,""right"":2718,""top"":6687,""bottom"":4427},""time"":1731119657014},{""box"":{""left"":6387,""right"":2718,""top"":6687,""bottom"":4427},""time"":1731119658038},{""box"":{""left"":6387,""right"":2718,""top"":6687,""bottom"":4427},""time"":1731119659049},{""box"":{""left"":6387,""right"":2718,""top"":6687,""bottom"":4427},""time"":1731119660010},{""box"":{""left"":6387,""right"":2718,""top"":6687,""bottom"":4427},""time"":1731119661041},{""box"":{""left"":6387,""right"":2718,""top"":6687,""bottom"":4427},""time"":1731119662013},{""box"":{""left"":6387,""right"":2718,""top"":6687,""bottom"":4427},""time"":1731119663036},{""box"":{""left"":6387,""right"":2718,""top"":6687,""bottom"":4427},""time"":1731119664051},{""box"":{""left"":6387,""right"":2718,""top"":6687,""bottom"":4427},""time"":1731119665037},{""box"":{""left"":6387,""right"":2718,""top"":6687,""bottom"":4427},""time"":1731119666047},{""box"":{""left"":6387,""right"":2718,""top"":6687,""bottom"":4427},""time"":1731119667003},{""box"":{""left"":6387,""right"":2718,""top"":6687,""bottom"":4427},""time"":1731119668017},{""box"":{""left"":6387,""right"":2718,""top"":6687,""bottom"":4427},""time"":1731119669034},{""box"":{""left"":6387,""right"":2718,""top"":6687,""bottom"":4427},""time"":1731119670005},{""box"":{""left"":6387,""right"":2718,""top"":6687,""bottom"":4427},""time"":1731119671022},{""box"":{""left"":6387,""right"":2718,""top"":6687,""bottom"":4427},""time"":1731119672034},{""box"":{""left"":6387,""right"":2718,""top"":6687,""bottom"":4427},""time"":1731119673006},{""box"":{""left"":6387,""right"":2718,""top"":6687,""bottom"":4427},""time"":1731119674461},{""box"":{""left"":6387,""right"":2718,""top"":6687,""bottom"":4427},""time"":1731119675017},{""box"":{""left"":6387,""right"":2718,""top"":6687,""bottom"":4427},""time"":1731119676057},{""box"":{""left"":6387,""right"":2718,""top"":6687,""bottom"":4427},""time"":1731119677019}",,,,,
5469,Person,2024-11-09 11:34:18,2024-11-09 11:34:20,"{""box"":{""left"":6287,""right"":2687,""top"":6600,""bottom"":4458},""time"":1731119658435},{""box"":{""left"":6287,""right"":2687,""top"":6600,""bottom"":4458},""time"":1731119659336},{""box"":{""left"":6287,""right"":2687,""top"":6600,""bottom"":4458},""time"":1731119660185}",,,,,
5470,Person,2024-11-09 11:34:22,2024-11-09 11:34:24,"{""box"":{""left"":1839,""right"":2967,""top"":2209,""bottom"":5259},""time"":1731119662237},{""box"":{""left"":1839,""right"":2967,""top"":2209,""bottom"":5259},""time"":1731119663148},{""box"":{""left"":1839,""right"":2967,""top"":2209,""bottom"":5259},""time"":1731119664166}",,,,,
5471,Person,2024-11-09 11:34:22,2024-11-09 11:34:50,"{""box"":{""left"":3557,""right"":2735,""top"":3852,""bottom"":4693},""time"":1731119662988},{""box"":{""left"":3557,""right"":2735,""top"":3852,""bottom"":4693},""time"":1731119663210},{""box"":{""left"":3557,""right"":2735,""top"":3852,""bottom"":4693},""time"":1731119664457},{""box"":{""left"":3557,""right"":2735,""top"":3852,""bottom"":4693},""time"":1731119665488},{""box"":{""left"":3557,""right"":2735,""top"":3852,""bottom"":4693},""time"":1731119666050},{""box"":{""left"":3557,""right"":2735,""top"":3852,""bottom"":4693},""time"":1731119667011},{""box"":{""left"":3557,""right"":2735,""top"":3852,""bottom"":4693},""time"":1731119668022},{""box"":{""left"":3557,""right"":2735,""top"":3852,""bottom"":4693},""time"":1731119669039},{""box"":{""left"":3557,""right"":2735,""top"":3852,""bottom"":4693},""time"":1731119670011},{""box"":{""left"":3557,""right"":2735,""top"":3852,""bottom"":4693},""time"":1731119671027},{""box"":{""left"":3557,""right"":2735,""top"":3852,""bottom"":4693},""time"":1731119672040},{""box"":{""left"":3557,""right"":2735,""top"":3852,""bottom"":4693},""time"":1731119673012},{""box"":{""left"":3557,""right"":2735,""top"":3852,""bottom"":4693},""time"":1731119674010},{""box"":{""left"":3557,""right"":2735,""top"":3852,""bottom"":4693},""time"":1731119675022},{""box"":{""left"":3557,""right"":2735,""top"":3852,""bottom"":4693},""time"":1731119677535},{""box"":{""left"":3557,""right"":2735,""top"":3852,""bottom"":4693},""time"":1731119678044},{""box"":{""left"":3557,""right"":2735,""top"":3852,""bottom"":4693},""time"":1731119679030},{""box"":{""left"":3557,""right"":2735,""top"":3852,""bottom"":4693},""time"":1731119680008},{""box"":{""left"":3557,""right"":2735,""top"":3852,""bottom"":4693},""time"":1731119681001},{""box"":{""left"":3557,""right"":2735,""top"":3852,""bottom"":4693},""time"":1731119682033},{""box"":{""left"":3557,""right"":2735,""top"":3852,""bottom"":4693},""time"":1731119683004},{""box"":{""left"":3557,""right"":2735,""top"":3852,""bottom"":4693},""time"":1731119684026},{""box"":{""left"":3557,""right"":2735,""top"":3852,""bottom"":4693},""time"":1731119685043},{""box"":{""left"":3557,""right"":2735,""top"":3852,""bottom"":4693},""time"":1731119686014},{""box"":{""left"":3557,""right"":2735,""top"":3852,""bottom"":4693},""time"":1731119687041},{""box"":{""left"":3557,""right"":2735,""top"":3852,""bottom"":4693},""time"":1731119688030},{""box"":{""left"":3557,""right"":2735,""top"":3852,""bottom"":4693},""time"":1731119690077}",,,,,
5472,Person,2024-11-09 11:34:25,2024-11-09 11:34:30,"{""box"":{""left"":1775,""right"":2528,""top"":2150,""bottom"":4490},""time"":1731119665263},{""box"":{""left"":1775,""right"":2528,""top"":2150,""bottom"":4490},""time"":1731119666052},{""box"":{""left"":1775,""right"":2528,""top"":2150,""bottom"":4490},""time"":1731119667014},{""box"":{""left"":1775,""right"":2528,""top"":2150,""bottom"":4490},""time"":1731119668025},{""box"":{""left"":1775,""right"":2528,""top"":2150,""bottom"":4490},""time"":1731119669264},{""box"":{""left"":1775,""right"":2528,""top"":2150,""bottom"":4490},""time"":1731119670013}",,,,,
5473,Person,2024-11-09 11:34:31,2024-11-09 11:34:46,"{""box"":{""left"":2050,""right"":2416,""top"":2231,""bottom"":3562},""time"":1731119671540},{""box"":{""left"":2050,""right"":2416,""top"":2231,""bottom"":3562},""time"":1731119673404},{""box"":{""left"":2050,""right"":2416,""top"":2231,""bottom"":3562},""time"":1731119674017},{""box"":{""left"":2050,""right"":2416,""top"":2231,""bottom"":3562},""time"":1731119675025},{""box"":{""left"":2050,""right"":2416,""top"":2231,""bottom"":3562},""time"":1731119676001},{""box"":{""left"":2050,""right"":2416,""top"":2231,""bottom"":3562},""time"":1731119677025},{""box"":{""left"":2050,""right"":2416,""top"":2231,""bottom"":3562},""time"":1731119678049},{""box"":{""left"":2050,""right"":2416,""top"":2231,""bottom"":3562},""time"":1731119679033},{""box"":{""left"":2050,""right"":2416,""top"":2231,""bottom"":3562},""time"":1731119680013},{""box"":{""left"":2050,""right"":2416,""top"":2231,""bottom"":3562},""time"":1731119681006},{""box"":{""left"":2050,""right"":2416,""top"":2231,""bottom"":3562},""time"":1731119682089},{""box"":{""left"":2050,""right"":2416,""top"":2231,""bottom"":3562},""time"":1731119683009},{""box"":{""left"":2050,""right"":2416,""top"":2231,""bottom"":3562},""time"":1731119684031},{""box"":{""left"":2050,""right"":2416,""top"":2231,""bottom"":3562},""time"":1731119685046},{""box"":{""left"":2050,""right"":2416,""top"":2231,""bottom"":3562},""time"":1731119686134}",,,,,
5474,Person,2024-11-09 11:34:35,2024-11-09 11:34:40,"{""box"":{""left"":7712,""right"":7875,""top"":8974,""bottom"":10000},""time"":1731119675880},{""box"":{""left"":7712,""right"":7875,""top"":8974,""bottom"":10000},""time"":1731119676004},{""box"":{""left"":7712,""right"":7875,""top"":8974,""bottom"":10000},""time"":1731119677027},{""box"":{""left"":7712,""right"":7875,""top"":8974,""bottom"":10000},""time"":1731119678000},{""box"":{""left"":7712,""right"":7875,""top"":8974,""bottom"":10000},""time"":1731119679035},{""box"":{""left"":7712,""right"":7875,""top"":8974,""bottom"":10000},""time"":1731119680309}",,,,,
5475,Person,2024-11-09 11:34:36,2024-11-09 11:34:56,"{""box"":{""left"":8825,""right"":8562,""top"":9623,""bottom"":10000},""time"":1731119676796},{""box"":{""left"":8825,""right"":8562,""top"":9623,""bottom"":10000},""time"":1731119677030},{""box"":{""left"":8825,""right"":8562,""top"":9623,""bottom"":10000},""time"":1731119678002},{""box"":{""left"":8825,""right"":8562,""top"":9623,""bottom"":10000},""time"":1731119679038},{""box"":{""left"":8825,""right"":8562,""top"":9623,""bottom"":10000},""time"":1731119680015},{""box"":{""left"":8825,""right"":8562,""top"":9623,""bottom"":10000},""time"":1731119681009},{""box"":{""left"":8825,""right"":8562,""top"":9623,""bottom"":10000},""time"":1731119682092},{""box"":{""left"":8825,""right"":8562,""top"":9623,""bottom"":10000},""time"":1731119683011},{""box"":{""left"":8825,""right"":8562,""top"":9623,""bottom"":10000},""time"":1731119684034},{""box"":{""left"":8825,""right"":8562,""top"":9623,""bottom"":10000},""time"":1731119685054},{""box"":{""left"":8825,""right"":8562,""top"":9623,""bottom"":10000},""time"":1731119686019},{""box"":{""left"":8825,""right"":8562,""top"":9623,""bottom"":10000},""time"":1731119687043},{""box"":{""left"":8825,""right"":8562,""top"":9623,""bottom"":10000},""time"":1731119688034},{""box"":{""left"":8825,""right"":8562,""top"":9623,""bottom"":10000},""time"":1731119689057},{""box"":{""left"":8825,""right"":8562,""top"":9623,""bottom"":10000},""time"":1731119690016},{""box"":{""left"":8825,""right"":8562,""top"":9623,""bottom"":10000},""time"":1731119691034},{""box"":{""left"":8825,""right"":8562,""top"":9623,""bottom"":10000},""time"":1731119692001},{""box"":{""left"":8825,""right"":8562,""top"":9623,""bottom"":10000},""time"":1731119693028},{""box"":{""left"":8825,""right"":8562,""top"":9623,""bottom"":10000},""time"":1731119694046},{""box"":{""left"":8825,""right"":8562,""top"":9623,""bottom"":10000},""time"":1731119695045},{""box"":{""left"":8825,""right"":8562,""top"":9623,""bottom"":10000},""time"":1731119696193}",,,,,
5476,Person,2024-11-09 11:34:38,2024-11-09 11:34:41,"{""box"":{""left"":8397,""right"":8855,""top"":9335,""bottom"":10000},""time"":1731119678520},{""box"":{""left"":8397,""right"":8855,""top"":9335,""bottom"":10000},""time"":1731119679040},{""box"":{""left"":8397,""right"":8855,""top"":9335,""bottom"":10000},""time"":1731119680018},{""box"":{""left"":8397,""right"":8855,""top"":9335,""bottom"":10000},""time"":1731119681011}",,,,,
5477,Person,2024-11-09 11:34:38,2024-11-09 11:34:44,"{""box"":{""left"":4626,""right"":8077,""top"":5938,""bottom"":10000},""time"":1731119678923},{""box"":{""left"":4626,""right"":8077,""top"":5938,""bottom"":10000},""time"":1731119679215},{""box"":{""left"":4626,""right"":8077,""top"":5938,""bottom"":10000},""time"":1731119680020},{""box"":{""left"":4626,""right"":8077,""top"":5938,""bottom"":10000},""time"":1731119681014},{""box"":{""left"":4626,""right"":8077,""top"":5938,""bottom"":10000},""time"":1731119682095},{""box"":{""left"":4626,""right"":8077,""top"":5938,""bottom"":10000},""time"":1731119683013},{""box"":{""left"":4626,""right"":8077,""top"":5938,""bottom"":10000},""time"":1731119684036}",,,,,
5479,Person,2024-11-09 11:34:39,2024-11-09 11:34:48,"{""box"":{""left"":6719,""right"":7803,""top"":8306,""bottom"":9991},""time"":1731119679550},{""box"":{""left"":6719,""right"":7803,""top"":8306,""bottom"":9991},""time"":1731119680022},{""box"":{""left"":6719,""right"":7803,""top"":8306,""bottom"":9991},""time"":1731119681016},{""box"":{""left"":6719,""right"":7803,""top"":8306,""bottom"":9991},""time"":1731119682097},{""box"":{""left"":6719,""right"":7803,""top"":8306,""bottom"":9991},""time"":1731119683015},{""box"":{""left"":6719,""right"":7803,""top"":8306,""bottom"":9991},""time"":1731119684039},{""box"":{""left"":6719,""right"":7803,""top"":8306,""bottom"":9991},""time"":1731119685057},{""box"":{""left"":6719,""right"":7803,""top"":8306,""bottom"":9991},""time"":1731119686021},{""box"":{""left"":6719,""right"":7803,""top"":8306,""bottom"":9991},""time"":1731119687045},{""box"":{""left"":6719,""right"":7803,""top"":8306,""bottom"":9991},""time"":1731119688095}",,,,,
5480,Person,2024-11-09 11:34:39,2024-11-09 11:34:41,"{""box"":{""left"":1887,""right"":2447,""top"":2106,""bottom"":3385},""time"":1731119679682}",,,,,
5481,Person,2024-11-09 11:34:45,2024-11-09 11:34:52,"{""box"":{""left"":3037,""right"":2770,""top"":3306,""bottom"":4708},""time"":1731119685334},{""box"":{""left"":3037,""right"":2770,""top"":3306,""bottom"":4708},""time"":1731119686823},{""box"":{""left"":3037,""right"":2770,""top"":3306,""bottom"":4708},""time"":1731119687048},{""box"":{""left"":3037,""right"":2770,""top"":3306,""bottom"":4708},""time"":1731119688036}",,,,,
5482,Person,2024-11-09 11:34:47,2024-11-09 11:34:49,"{""box"":{""left"":9150,""right"":6082,""top"":10000,""bottom"":9957},""time"":1731119687862},{""box"":{""left"":9150,""right"":6082,""top"":10000,""bottom"":9957},""time"":1731119688324},{""box"":{""left"":9150,""right"":6082,""top"":10000,""bottom"":9957},""time"":1731119689065}",,,,,
5483,Person,2024-11-09 11:34:49,2024-11-09 11:35:20,"{""box"":{""left"":90,""right"":8607,""top"":1652,""bottom"":10000},""time"":1731119689849},{""box"":{""left"":90,""right"":8607,""top"":1652,""bottom"":10000},""time"":1731119690021},{""box"":{""left"":90,""right"":8607,""top"":1652,""bottom"":10000},""time"":1731119691042},{""box"":{""left"":90,""right"":8607,""top"":1652,""bottom"":10000},""time"":1731119692007},{""box"":{""left"":90,""right"":8607,""top"":1652,""bottom"":10000},""time"":1731119693030},{""box"":{""left"":90,""right"":8607,""top"":1652,""bottom"":10000},""time"":1731119694051},{""box"":{""left"":90,""right"":8607,""top"":1652,""bottom"":10000},""time"":1731119695047},{""box"":{""left"":90,""right"":8607,""top"":1652,""bottom"":10000},""time"":1731119696030},{""box"":{""left"":90,""right"":8607,""top"":1652,""bottom"":10000},""time"":1731119697060},{""box"":{""left"":90,""right"":8607,""top"":1652,""bottom"":10000},""time"":1731119698029},{""box"":{""left"":90,""right"":8607,""top"":1652,""bottom"":10000},""time"":1731119699049},{""box"":{""left"":90,""right"":8607,""top"":1652,""bottom"":10000},""time"":1731119700022},{""box"":{""left"":90,""right"":8607,""top"":1652,""bottom"":10000},""time"":1731119701048},{""box"":{""left"":90,""right"":8607,""top"":1652,""bottom"":10000},""time"":1731119702021},{""box"":{""left"":90,""right"":8607,""top"":1652,""bottom"":10000},""time"":1731119703043},{""box"":{""left"":90,""right"":8607,""top"":1652,""bottom"":10000},""time"":1731119704010},{""box"":{""left"":90,""right"":8607,""top"":1652,""bottom"":10000},""time"":1731119705001},{""box"":{""left"":90,""right"":8607,""top"":1652,""bottom"":10000},""time"":1731119706019},{""box"":{""left"":90,""right"":8607,""top"":1652,""bottom"":10000},""time"":1731119707041},{""box"":{""left"":90,""right"":8607,""top"":1652,""bottom"":10000},""time"":1731119708258},{""box"":{""left"":90,""right"":8607,""top"":1652,""bottom"":10000},""time"":1731119709287},{""box"":{""left"":90,""right"":8607,""top"":1652,""bottom"":10000},""time"":1731119710037},{""box"":{""left"":90,""right"":8607,""top"":1652,""bottom"":10000},""time"":1731119711001},{""box"":{""left"":90,""right"":8607,""top"":1652,""bottom"":10000},""time"":1731119712999},{""box"":{""left"":90,""right"":8607,""top"":1652,""bottom"":10000},""time"":1731119714041},{""box"":{""left"":90,""right"":8607,""top"":1652,""bottom"":10000},""time"":1731119715052},{""box"":{""left"":90,""right"":8607,""top"":1652,""bottom"":10000},""time"":1731119716025},{""box"":{""left"":90,""right"":8607,""top"":1652,""bottom"":10000},""time"":1731119717014},{""box"":{""left"":90,""right"":8607,""top"":1652,""bottom"":10000},""time"":1731119718048},{""box"":{""left"":90,""right"":8607,""top"":1652,""bottom"":10000},""time"":1731119719038},{""box"":{""left"":90,""right"":8607,""top"":1652,""bottom"":10000},""time"":1731119720022}",,,,,
5484,Person,2024-11-09 11:34:52,2024-11-09 11:35:04,"{""box"":{""left"":102,""right"":5841,""top"":1995,""bottom"":9982},""time"":1731119692241},{""box"":{""left"":102,""right"":5841,""top"":1995,""bottom"":9982},""time"":1731119693032},{""box"":{""left"":102,""right"":5841,""top"":1995,""bottom"":9982},""time"":1731119694001},{""box"":{""left"":102,""right"":5841,""top"":1995,""bottom"":9982},""time"":1731119695049},{""box"":{""left"":102,""right"":5841,""top"":1995,""bottom"":9982},""time"":1731119696032},{""box"":{""left"":102,""right"":5841,""top"":1995,""bottom"":9982},""time"":1731119697063},{""box"":{""left"":102,""right"":5841,""top"":1995,""bottom"":9982},""time"":1731119698031},{""box"":{""left"":102,""right"":5841,""top"":1995,""bottom"":9982},""time"":1731119699051},{""box"":{""left"":102,""right"":5841,""top"":1995,""bottom"":9982},""time"":1731119700024},{""box"":{""left"":102,""right"":5841,""top"":1995,""bottom"":9982},""time"":1731119701050},{""box"":{""left"":102,""right"":5841,""top"":1995,""bottom"":9982},""time"":1731119702023},{""box"":{""left"":102,""right"":5841,""top"":1995,""bottom"":9982},""time"":1731119703040},{""box"":{""left"":102,""right"":5841,""top"":1995,""bottom"":9982},""time"":1731119704013}",,,,,
5485,Person,2024-11-09 11:34:52,2024-11-09 11:35:03,"{""box"":{""left"":3229,""right"":6936,""top"":3853,""bottom"":9535},""time"":1731119692460},{""box"":{""left"":3229,""right"":6936,""top"":3853,""bottom"":9535},""time"":1731119693034},{""box"":{""left"":3229,""right"":6936,""top"":3853,""bottom"":9535},""time"":1731119694003},{""box"":{""left"":3229,""right"":6936,""top"":3853,""bottom"":9535},""time"":1731119695000},{""box"":{""left"":3229,""right"":6936,""top"":3853,""bottom"":9535},""time"":1731119696200},{""box"":{""left"":3229,""right"":6936,""top"":3853,""bottom"":9535},""time"":1731119697065},{""box"":{""left"":3229,""right"":6936,""top"":3853,""bottom"":9535},""time"":1731119698033},{""box"":{""left"":3229,""right"":6936,""top"":3853,""bottom"":9535},""time"":1731119699224},{""box"":{""left"":3229,""right"":6936,""top"":3853,""bottom"":9535},""time"":1731119700026},{""box"":{""left"":3229,""right"":6936,""top"":3853,""bottom"":9535},""time"":1731119701053},{""box"":{""left"":3229,""right"":6936,""top"":3853,""bottom"":9535},""time"":1731119702076},{""box"":{""left"":3229,""right"":6936,""top"":3853,""bottom"":9535},""time"":1731119703109}",,,,,
5486,Person,2024-11-09 11:34:52,2024-11-09 11:34:53,"{""box"":{""left"":679,""right"":5306,""top"":1723,""bottom"":8806},""time"":1731119692866},{""box"":{""left"":679,""right"":5306,""top"":1723,""bottom"":8806},""time"":1731119693036}",,,,,
5487,Person,2024-11-09 11:34:53,2024-11-09 11:35:00,"{""box"":{""left"":8800,""right"":4000,""top"":9512,""bottom"":6083},""time"":1731119693366},{""box"":{""left"":8800,""right"":4000,""top"":9512,""bottom"":6083},""time"":1731119694442},{""box"":{""left"":8800,""right"":4000,""top"":9512,""bottom"":6083},""time"":1731119695002},{""box"":{""left"":8800,""right"":4000,""top"":9512,""bottom"":6083},""time"":1731119696202},{""box"":{""left"":8800,""right"":4000,""top"":9512,""bottom"":6083},""time"":1731119697068},{""box"":{""left"":8800,""right"":4000,""top"":9512,""bottom"":6083},""time"":1731119698824},{""box"":{""left"":8800,""right"":4000,""top"":9512,""bottom"":6083},""time"":1731119699226},{""box"":{""left"":8800,""right"":4000,""top"":9512,""bottom"":6083},""time"":1731119700029}",,,,,
5488,Person,2024-11-09 11:34:54,2024-11-09 11:35:00,"{""box"":{""left"":1750,""right"":2427,""top"":1912,""bottom"":3364},""time"":1731119694166},{""box"":{""left"":1750,""right"":2427,""top"":1912,""bottom"":3364},""time"":1731119696204},{""box"":{""left"":1750,""right"":2427,""top"":1912,""bottom"":3364},""time"":1731119697070},{""box"":{""left"":1750,""right"":2427,""top"":1912,""bottom"":3364},""time"":1731119698036},{""box"":{""left"":1750,""right"":2427,""top"":1912,""bottom"":3364},""time"":1731119699001}",,,,,
5489,Person,2024-11-09 11:34:54,2024-11-09 11:35:00,"{""box"":{""left"":1913,""right"":3855,""top"":2476,""bottom"":6829},""time"":1731119694726},{""box"":{""left"":1913,""right"":3855,""top"":2476,""bottom"":6829},""time"":1731119695292},{""box"":{""left"":1913,""right"":3855,""top"":2476,""bottom"":6829},""time"":1731119696206},{""box"":{""left"":1913,""right"":3855,""top"":2476,""bottom"":6829},""time"":1731119697120},{""box"":{""left"":1913,""right"":3855,""top"":2476,""bottom"":6829},""time"":1731119698038},{""box"":{""left"":1913,""right"":3855,""top"":2476,""bottom"":6829},""time"":1731119699003},{""box"":{""left"":1913,""right"":3855,""top"":2476,""bottom"":6829},""time"":1731119700144}",,,,,
5490,Person,2024-11-09 11:34:55,2024-11-09 11:34:56,"{""box"":{""left"":8926,""right"":4355,""top"":9562,""bottom"":6313},""time"":1731119695293},{""box"":{""left"":8926,""right"":4355,""top"":9562,""bottom"":6313},""time"":1731119696208}",,,,,
5491,Person,2024-11-09 11:34:58,2024-11-09 11:35:01,"{""box"":{""left"":9537,""right"":5604,""top"":10000,""bottom"":9062},""time"":1731119698040},{""box"":{""left"":9537,""right"":5604,""top"":10000,""bottom"":9062},""time"":1731119699231},{""box"":{""left"":9537,""right"":5604,""top"":10000,""bottom"":9062},""time"":1731119700033},{""box"":{""left"":9537,""right"":5604,""top"":10000,""bottom"":9062},""time"":1731119701055}",,,,,
5493,Person,2024-11-09 11:35:01,2024-11-09 11:35:11,"{""box"":{""left"":8103,""right"":3916,""top"":8566,""bottom"":5738},""time"":1731119701574},{""box"":{""left"":8103,""right"":3916,""top"":8566,""bottom"":5738},""time"":1731119702078},{""box"":{""left"":8103,""right"":3916,""top"":8566,""bottom"":5738},""time"":1731119703111},{""box"":{""left"":8103,""right"":3916,""top"":8566,""bottom"":5738},""time"":1731119704014},{""box"":{""left"":8103,""right"":3916,""top"":8566,""bottom"":5738},""time"":1731119705004},{""box"":{""left"":8103,""right"":3916,""top"":8566,""bottom"":5738},""time"":1731119706022},{""box"":{""left"":8103,""right"":3916,""top"":8566,""bottom"":5738},""time"":1731119707042},{""box"":{""left"":8103,""right"":3916,""top"":8566,""bottom"":5738},""time"":1731119708025},{""box"":{""left"":8103,""right"":3916,""top"":8566,""bottom"":5738},""time"":1731119709000},{""box"":{""left"":8103,""right"":3916,""top"":8566,""bottom"":5738},""time"":1731119710042},{""box"":{""left"":8103,""right"":3916,""top"":8566,""bottom"":5738},""time"":1731119711003}",,,,,
5494,Person,2024-11-09 11:35:01,2024-11-09 11:35:10,"{""box"":{""left"":8462,""right"":3729,""top"":8874,""bottom"":5874},""time"":1731119701575},{""box"":{""left"":8462,""right"":3729,""top"":8874,""bottom"":5874},""time"":1731119702080},{""box"":{""left"":8462,""right"":3729,""top"":8874,""bottom"":5874},""time"":1731119706084},{""box"":{""left"":8462,""right"":3729,""top"":8874,""bottom"":5874},""time"":1731119707044},{""box"":{""left"":8462,""right"":3729,""top"":8874,""bottom"":5874},""time"":1731119708026},{""box"":{""left"":8462,""right"":3729,""top"":8874,""bottom"":5874},""time"":1731119709003},{""box"":{""left"":8462,""right"":3729,""top"":8874,""bottom"":5874},""time"":1731119710721}",,,,,
5495,Person,2024-11-09 11:35:02,2024-11-09 11:35:19,"{""box"":{""left"":8350,""right"":6479,""top"":9975,""bottom"":9979},""time"":1731119702082},{""box"":{""left"":8350,""right"":6479,""top"":9975,""bottom"":9979},""time"":1731119703000},{""box"":{""left"":8350,""right"":6479,""top"":9975,""bottom"":9979},""time"":1731119704017},{""box"":{""left"":8350,""right"":6479,""top"":9975,""bottom"":9979},""time"":1731119705006},{""box"":{""left"":8350,""right"":6479,""top"":9975,""bottom"":9979},""time"":1731119706023},{""box"":{""left"":8350,""right"":6479,""top"":9975,""bottom"":9979},""time"":1731119707045},{""box"":{""left"":8350,""right"":6479,""top"":9975,""bottom"":9979},""time"":1731119708381},{""box"":{""left"":8350,""right"":6479,""top"":9975,""bottom"":9979},""time"":1731119709006},{""box"":{""left"":8350,""right"":6479,""top"":9975,""bottom"":9979},""time"":1731119710210},{""box"":{""left"":8350,""right"":6479,""top"":9975,""bottom"":9979},""time"":1731119711005},{""box"":{""left"":8350,""right"":6479,""top"":9975,""bottom"":9979},""time"":1731119712034},{""box"":{""left"":8350,""right"":6479,""top"":9975,""bottom"":9979},""time"":1731119713002},{""box"":{""left"":8350,""right"":6479,""top"":9975,""bottom"":9979},""time"":1731119714043},{""box"":{""left"":8350,""right"":6479,""top"":9975,""bottom"":9979},""time"":1731119715060},{""box"":{""left"":8350,""right"":6479,""top"":9975,""bottom"":9979},""time"":1731119716029},{""box"":{""left"":8350,""right"":6479,""top"":9975,""bottom"":9979},""time"":1731119717016},{""box"":{""left"":8350,""right"":6479,""top"":9975,""bottom"":9979},""time"":1731119718120},{""box"":{""left"":8350,""right"":6479,""top"":9975,""bottom"":9979},""time"":1731119719041}",,,,,
5496,Person,2024-11-09 11:35:03,2024-11-09 11:35:20,"{""box"":{""left"":5075,""right"":6482,""top"":6437,""bottom"":10000},""time"":1731119703175},{""box"":{""left"":5075,""right"":6482,""top"":6437,""bottom"":10000},""time"":1731119704254},{""box"":{""left"":5075,""right"":6482,""top"":6437,""bottom"":10000},""time"":1731119705007},{""box"":{""left"":5075,""right"":6482,""top"":6437,""bottom"":10000},""time"":1731119706025},{""box"":{""left"":5075,""right"":6482,""top"":6437,""bottom"":10000},""time"":1731119707046},{""box"":{""left"":5075,""right"":6482,""top"":6437,""bottom"":10000},""time"":1731119708077},{""box"":{""left"":5075,""right"":6482,""top"":6437,""bottom"":10000},""time"":1731119709008},{""box"":{""left"":5075,""right"":6482,""top"":6437,""bottom"":10000},""time"":1731119710044},{""box"":{""left"":5075,""right"":6482,""top"":6437,""bottom"":10000},""time"":1731119711007},{""box"":{""left"":5075,""right"":6482,""top"":6437,""bottom"":10000},""time"":1731119712037},{""box"":{""left"":5075,""right"":6482,""top"":6437,""bottom"":10000},""time"":1731119713064},{""box"":{""left"":5075,""right"":6482,""top"":6437,""bottom"":10000},""time"":1731119714038},{""box"":{""left"":5075,""right"":6482,""top"":6437,""bottom"":10000},""time"":1731119715055},{""box"":{""left"":5075,""right"":6482,""top"":6437,""bottom"":10000},""time"":1731119716086},{""box"":{""left"":5075,""right"":6482,""top"":6437,""bottom"":10000},""time"":1731119717011},{""box"":{""left"":5075,""right"":6482,""top"":6437,""bottom"":10000},""time"":1731119718109},{""box"":{""left"":5075,""right"":6482,""top"":6437,""bottom"":10000},""time"":1731119719379},{""box"":{""left"":5075,""right"":6482,""top"":6437,""bottom"":10000},""time"":1731119720025}",,,,,
5497,Person,2024-11-09 11:35:04,2024-11-09 11:35:07,"{""box"":{""left"":2025,""right"":2677,""top"":2243,""bottom"":4031},""time"":1731119704655},{""box"":{""left"":2025,""right"":2677,""top"":2243,""bottom"":4031},""time"":1731119705008},{""box"":{""left"":2025,""right"":2677,""top"":2243,""bottom"":4031},""time"":1731119706026},{""box"":{""left"":2025,""right"":2677,""top"":2243,""bottom"":4031},""time"":1731119707629}",,,,,
5499,Person,2024-11-09 11:35:07,2024-11-09 11:35:22,"{""box"":{""left"":8404,""right"":3603,""top"":8784,""bottom"":5739},""time"":1731119707679},{""box"":{""left"":8404,""right"":3603,""top"":8784,""bottom"":5739},""time"":1731119709761},{""box"":{""left"":8404,""right"":3603,""top"":8784,""bottom"":5739},""time"":1731119710047},{""box"":{""left"":8404,""right"":3603,""top"":8784,""bottom"":5739},""time"":1731119711009},{""box"":{""left"":8404,""right"":3603,""top"":8784,""bottom"":5739},""time"":1731119712428},{""box"":{""left"":8404,""right"":3603,""top"":8784,""bottom"":5739},""time"":1731119713067},{""box"":{""left"":8404,""right"":3603,""top"":8784,""bottom"":5739},""time"":1731119714047},{""box"":{""left"":8404,""right"":3603,""top"":8784,""bottom"":5739},""time"":1731119715064},{""box"":{""left"":8404,""right"":3603,""top"":8784,""bottom"":5739},""time"":1731119716079},{""box"":{""left"":8404,""right"":3603,""top"":8784,""bottom"":5739},""time"":1731119718116},{""box"":{""left"":8404,""right"":3603,""top"":8784,""bottom"":5739},""time"":1731119719036},{""box"":{""left"":8404,""right"":3603,""top"":8784,""bottom"":5739},""time"":1731119720015},{""box"":{""left"":8404,""right"":3603,""top"":8784,""bottom"":5739},""time"":1731119721022},{""box"":{""left"":8404,""right"":3603,""top"":8784,""bottom"":5739},""time"":1731119722040}",,,,,
5502,Person,2024-11-09 11:35:13,2024-11-09 11:35:29,"{""box"":{""left"":1993,""right"":2427,""top"":2218,""bottom"":3750},""time"":1731119713293},{""box"":{""left"":1993,""right"":2427,""top"":2218,""bottom"":3750},""time"":1731119716377},{""box"":{""left"":1993,""right"":2427,""top"":2218,""bottom"":3750},""time"":1731119718982},{""box"":{""left"":1993,""right"":2427,""top"":2218,""bottom"":3750},""time"":1731119719045},{""box"":{""left"":1993,""right"":2427,""top"":2218,""bottom"":3750},""time"":1731119720029},{""box"":{""left"":1993,""right"":2427,""top"":2218,""bottom"":3750},""time"":1731119721027},{""box"":{""left"":1993,""right"":2427,""top"":2218,""bottom"":3750},""time"":1731119722042},{""box"":{""left"":1993,""right"":2427,""top"":2218,""bottom"":3750},""time"":1731119723023},{""box"":{""left"":1993,""right"":2427,""top"":2218,""bottom"":3750},""time"":1731119724057},{""box"":{""left"":1993,""right"":2427,""top"":2218,""bottom"":3750},""time"":1731119725021},{""box"":{""left"":1993,""right"":2427,""top"":2218,""bottom"":3750},""time"":1731119726031},{""box"":{""left"":1993,""right"":2427,""top"":2218,""bottom"":3750},""time"":1731119727004},{""box"":{""left"":1993,""right"":2427,""top"":2218,""bottom"":3750},""time"":1731119728039},{""box"":{""left"":1993,""right"":2427,""top"":2218,""bottom"":3750},""time"":1731119729054}",,,,,
5503,Person,2024-11-09 11:35:13,2024-11-09 11:35:43,"{""box"":{""left"":6434,""right"":3500,""top"":6950,""bottom"":6208},""time"":1731119713769},{""box"":{""left"":6434,""right"":3500,""top"":6950,""bottom"":6208},""time"":1731119714052},{""box"":{""left"":6434,""right"":3500,""top"":6950,""bottom"":6208},""time"":1731119715066},{""box"":{""left"":6434,""right"":3500,""top"":6950,""bottom"":6208},""time"":1731119716090},{""box"":{""left"":6434,""right"":3500,""top"":6950,""bottom"":6208},""time"":1731119718984},{""box"":{""left"":6434,""right"":3500,""top"":6950,""bottom"":6208},""time"":1731119719047},{""box"":{""left"":6434,""right"":3500,""top"":6950,""bottom"":6208},""time"":1731119720031},{""box"":{""left"":6434,""right"":3500,""top"":6950,""bottom"":6208},""time"":1731119721030},{""box"":{""left"":6434,""right"":3500,""top"":6950,""bottom"":6208},""time"":1731119722045},{""box"":{""left"":6434,""right"":3500,""top"":6950,""bottom"":6208},""time"":1731119723025},{""box"":{""left"":6434,""right"":3500,""top"":6950,""bottom"":6208},""time"":1731119724054},{""box"":{""left"":6434,""right"":3500,""top"":6950,""bottom"":6208},""time"":1731119725024},{""box"":{""left"":6434,""right"":3500,""top"":6950,""bottom"":6208},""time"":1731119726034},{""box"":{""left"":6434,""right"":3500,""top"":6950,""bottom"":6208},""time"":1731119727180},{""box"":{""left"":6434,""right"":3500,""top"":6950,""bottom"":6208},""time"":1731119728038},{""box"":{""left"":6434,""right"":3500,""top"":6950,""bottom"":6208},""time"":1731119729055},{""box"":{""left"":6434,""right"":3500,""top"":6950,""bottom"":6208},""time"":1731119730034},{""box"":{""left"":6434,""right"":3500,""top"":6950,""bottom"":6208},""time"":1731119731071},{""box"":{""left"":6434,""right"":3500,""top"":6950,""bottom"":6208},""time"":1731119732102},{""box"":{""left"":6434,""right"":3500,""top"":6950,""bottom"":6208},""time"":1731119733012},{""box"":{""left"":6434,""right"":3500,""top"":6950,""bottom"":6208},""time"":1731119734037},{""box"":{""left"":6434,""right"":3500,""top"":6950,""bottom"":6208},""time"":1731119735019},{""box"":{""left"":6434,""right"":3500,""top"":6950,""bottom"":6208},""time"":1731119736044},{""box"":{""left"":6434,""right"":3500,""top"":6950,""bottom"":6208},""time"":1731119737012},{""box"":{""left"":6434,""right"":3500,""top"":6950,""bottom"":6208},""time"":1731119738031},{""box"":{""left"":6434,""right"":3500,""top"":6950,""bottom"":6208},""time"":1731119739058},{""box"":{""left"":6434,""right"":3500,""top"":6950,""bottom"":6208},""time"":1731119740026},{""box"":{""left"":6434,""right"":3500,""top"":6950,""bottom"":6208},""time"":1731119741055},{""box"":{""left"":6434,""right"":3500,""top"":6950,""bottom"":6208},""time"":1731119742017},{""box"":{""left"":6434,""right"":3500,""top"":6950,""bottom"":6208},""time"":1731119743213}",,,,,
5504,Person,2024-11-09 11:35:19,2024-11-09 11:35:24,"{""box"":{""left"":1758,""right"":2528,""top"":1960,""bottom"":4153},""time"":1731119719327},{""box"":{""left"":1758,""right"":2528,""top"":1960,""bottom"":4153},""time"":1731119720033},{""box"":{""left"":1758,""right"":2528,""top"":1960,""bottom"":4153},""time"":1731119721032},{""box"":{""left"":1758,""right"":2528,""top"":1960,""bottom"":4153},""time"":1731119722047},{""box"":{""left"":1758,""right"":2528,""top"":1960,""bottom"":4153},""time"":1731119723314},{""box"":{""left"":1758,""right"":2528,""top"":1960,""bottom"":4153},""time"":1731119724061}",,,,,
5505,Person,2024-11-09 11:35:21,2024-11-09 11:35:29,"{""box"":{""left"":2125,""right"":3114,""top"":2506,""bottom"":4676},""time"":1731119721202},{""box"":{""left"":2125,""right"":3114,""top"":2506,""bottom"":4676},""time"":1731119722049},{""box"":{""left"":2125,""right"":3114,""top"":2506,""bottom"":4676},""time"":1731119723316},{""box"":{""left"":2125,""right"":3114,""top"":2506,""bottom"":4676},""time"":1731119724063},{""box"":{""left"":2125,""right"":3114,""top"":2506,""bottom"":4676},""time"":1731119725025},{""box"":{""left"":2125,""right"":3114,""top"":2506,""bottom"":4676},""time"":1731119726035},{""box"":{""left"":2125,""right"":3114,""top"":2506,""bottom"":4676},""time"":1731119727183},{""box"":{""left"":2125,""right"":3114,""top"":2506,""bottom"":4676},""time"":1731119728219},{""box"":{""left"":2125,""right"":3114,""top"":2506,""bottom"":4676},""time"":1731119729056}",,,,,
5506,Person,2024-11-09 11:35:21,2024-11-09 11:35:22,"{""box"":{""left"":1781,""right"":2520,""top"":2074,""bottom"":4229},""time"":1731119721547},{""box"":{""left"":1781,""right"":2520,""top"":2074,""bottom"":4229},""time"":1731119722796}",,,,,
5507,Person,2024-11-09 11:35:23,2024-11-09 11:35:34,"{""box"":{""left"":2939,""right"":2979,""top"":3274,""bottom"":4922},""time"":1731119723317},{""box"":{""left"":2939,""right"":2979,""top"":3274,""bottom"":4922},""time"":1731119724065},{""box"":{""left"":2939,""right"":2979,""top"":3274,""bottom"":4922},""time"":1731119725026},{""box"":{""left"":2939,""right"":2979,""top"":3274,""bottom"":4922},""time"":1731119726036},{""box"":{""left"":2939,""right"":2979,""top"":3274,""bottom"":4922},""time"":1731119727185},{""box"":{""left"":2939,""right"":2979,""top"":3274,""bottom"":4922},""time"":1731119728220},{""box"":{""left"":2939,""right"":2979,""top"":3274,""bottom"":4922},""time"":1731119729057},{""box"":{""left"":2939,""right"":2979,""top"":3274,""bottom"":4922},""time"":1731119730039},{""box"":{""left"":2939,""right"":2979,""top"":3274,""bottom"":4922},""time"":1731119731009},{""box"":{""left"":2939,""right"":2979,""top"":3274,""bottom"":4922},""time"":1731119732104},{""box"":{""left"":2939,""right"":2979,""top"":3274,""bottom"":4922},""time"":1731119733017},{""box"":{""left"":2939,""right"":2979,""top"":3274,""bottom"":4922},""time"":1731119734045}",,,,,
5508,Person,2024-11-09 11:35:23,2024-11-09 11:35:56,"{""box"":{""left"":1837,""right"":3166,""top"":2412,""bottom"":5957},""time"":1731119723432},{""box"":{""left"":1837,""right"":3166,""top"":2412,""bottom"":5957},""time"":1731119724067},{""box"":{""left"":1837,""right"":3166,""top"":2412,""bottom"":5957},""time"":1731119725027},{""box"":{""left"":1837,""right"":3166,""top"":2412,""bottom"":5957},""time"":1731119726264},{""box"":{""left"":1837,""right"":3166,""top"":2412,""bottom"":5957},""time"":1731119727186},{""box"":{""left"":1837,""right"":3166,""top"":2412,""bottom"":5957},""time"":1731119728221},{""box"":{""left"":1837,""right"":3166,""top"":2412,""bottom"":5957},""time"":1731119729059},{""box"":{""left"":1837,""right"":3166,""top"":2412,""bottom"":5957},""time"":1731119730041},{""box"":{""left"":1837,""right"":3166,""top"":2412,""bottom"":5957},""time"":1731119731011},{""box"":{""left"":1837,""right"":3166,""top"":2412,""bottom"":5957},""time"":1731119732043},{""box"":{""left"":1837,""right"":3166,""top"":2412,""bottom"":5957},""time"":1731119733407},{""box"":{""left"":1837,""right"":3166,""top"":2412,""bottom"":5957},""time"":1731119734040},{""box"":{""left"":1837,""right"":3166,""top"":2412,""bottom"":5957},""time"":1731119735021},{""box"":{""left"":1837,""right"":3166,""top"":2412,""bottom"":5957},""time"":1731119736047},{""box"":{""left"":1837,""right"":3166,""top"":2412,""bottom"":5957},""time"":1731119737015},{""box"":{""left"":1837,""right"":3166,""top"":2412,""bottom"":5957},""time"":1731119738034},{""box"":{""left"":1837,""right"":3166,""top"":2412,""bottom"":5957},""time"":1731119739287},{""box"":{""left"":1837,""right"":3166,""top"":2412,""bottom"":5957},""time"":1731119740083},{""box"":{""left"":1837,""right"":3166,""top"":2412,""bottom"":5957},""time"":1731119741786},{""box"":{""left"":1837,""right"":3166,""top"":2412,""bottom"":5957},""time"":1731119742139},{""box"":{""left"":1837,""right"":3166,""top"":2412,""bottom"":5957},""time"":1731119743048},{""box"":{""left"":1837,""right"":3166,""top"":2412,""bottom"":5957},""time"":1731119744003},{""box"":{""left"":1837,""right"":3166,""top"":2412,""bottom"":5957},""time"":1731119745018},{""box"":{""left"":1837,""right"":3166,""top"":2412,""bottom"":5957},""time"":1731119746046},{""box"":{""left"":1837,""right"":3166,""top"":2412,""bottom"":5957},""time"":1731119747027},{""box"":{""left"":1837,""right"":3166,""top"":2412,""bottom"":5957},""time"":1731119748054},{""box"":{""left"":1837,""right"":3166,""top"":2412,""bottom"":5957},""time"":1731119749013},{""box"":{""left"":1837,""right"":3166,""top"":2412,""bottom"":5957},""time"":1731119750018},{""box"":{""left"":1837,""right"":3166,""top"":2412,""bottom"":5957},""time"":1731119751047},{""box"":{""left"":1837,""right"":3166,""top"":2412,""bottom"":5957},""time"":1731119752005},{""box"":{""left"":1837,""right"":3166,""top"":2412,""bottom"":5957},""time"":1731119753039},{""box"":{""left"":1837,""right"":3166,""top"":2412,""bottom"":5957},""time"":1731119754069},{""box"":{""left"":1837,""right"":3166,""top"":2412,""bottom"":5957},""time"":1731119755038},{""box"":{""left"":1837,""right"":3166,""top"":2412,""bottom"":5957},""time"":1731119756041}",,,,,
5509,Person,2024-11-09 11:35:24,2024-11-09 11:35:34,"{""box"":{""left"":1994,""right"":3291,""top"":2418,""bottom"":5397},""time"":1731119724976},{""box"":{""left"":1994,""right"":3291,""top"":2418,""bottom"":5397},""time"":1731119726037},{""box"":{""left"":1994,""right"":3291,""top"":2418,""bottom"":5397},""time"":1731119727187},{""box"":{""left"":1994,""right"":3291,""top"":2418,""bottom"":5397},""time"":1731119728334},{""box"":{""left"":1994,""right"":3291,""top"":2418,""bottom"":5397},""time"":1731119729060},{""box"":{""left"":1994,""right"":3291,""top"":2418,""bottom"":5397},""time"":1731119730043},{""box"":{""left"":1994,""right"":3291,""top"":2418,""bottom"":5397},""time"":1731119731078},{""box"":{""left"":1994,""right"":3291,""top"":2418,""bottom"":5397},""time"":1731119732108},{""box"":{""left"":1994,""right"":3291,""top"":2418,""bottom"":5397},""time"":1731119733020},{""box"":{""left"":1994,""right"":3291,""top"":2418,""bottom"":5397},""time"":1731119734049}",,,,,
5510,Person,2024-11-09 11:35:27,2024-11-09 11:35:29,"{""box"":{""left"":746,""right"":5140,""top"":1621,""bottom"":8392},""time"":1731119727653},{""box"":{""left"":746,""right"":5140,""top"":1621,""bottom"":8392},""time"":1731119729178}",,,,,
5511,Face,2024-11-09 11:35:28,2024-11-09 11:35:29,"{""box"":{""left"":5266,""right"":7115,""top"":5655,""bottom"":7556},""time"":1731119728691},{""box"":{""left"":5642,""right"":7866,""top"":6031,""bottom"":8307},""time"":1731119729052}","6,12",male,,,
5512,Person,2024-11-09 11:35:29,2024-11-09 11:35:30,"{""box"":{""left"":927,""right"":4825,""top"":1739,""bottom"":8541},""time"":1731119729692},{""box"":{""left"":927,""right"":4825,""top"":1739,""bottom"":8541},""time"":1731119730046}",,,,,
5513,Person,2024-11-09 11:35:30,2024-11-09 11:35:40,"{""box"":{""left"":1993,""right"":3314,""top"":2758,""bottom"":7346},""time"":1731119730615},{""box"":{""left"":1993,""right"":3314,""top"":2758,""bottom"":7346},""time"":1731119731081},{""box"":{""left"":1993,""right"":3314,""top"":2758,""bottom"":7346},""time"":1731119732045},{""box"":{""left"":1993,""right"":3314,""top"":2758,""bottom"":7346},""time"":1731119733022},{""box"":{""left"":1993,""right"":3314,""top"":2758,""bottom"":7346},""time"":1731119734052},{""box"":{""left"":1993,""right"":3314,""top"":2758,""bottom"":7346},""time"":1731119735471},{""box"":{""left"":1993,""right"":3314,""top"":2758,""bottom"":7346},""time"":1731119736048},{""box"":{""left"":1993,""right"":3314,""top"":2758,""bottom"":7346},""time"":1731119737016},{""box"":{""left"":1993,""right"":3314,""top"":2758,""bottom"":7346},""time"":1731119738035},{""box"":{""left"":1993,""right"":3314,""top"":2758,""bottom"":7346},""time"":1731119739061},{""box"":{""left"":1993,""right"":3314,""top"":2758,""bottom"":7346},""time"":1731119740085}",,,,,
5514,Person,2024-11-09 11:35:31,2024-11-09 11:35:38,"{""box"":{""left"":2000,""right"":4354,""top"":2624,""bottom"":7041},""time"":1731119731770},{""box"":{""left"":2000,""right"":4354,""top"":2624,""bottom"":7041},""time"":1731119732000},{""box"":{""left"":2000,""right"":4354,""top"":2624,""bottom"":7041},""time"":1731119733025},{""box"":{""left"":2000,""right"":4354,""top"":2624,""bottom"":7041},""time"":1731119734054},{""box"":{""left"":2000,""right"":4354,""top"":2624,""bottom"":7041},""time"":1731119735587},{""box"":{""left"":2000,""right"":4354,""top"":2624,""bottom"":7041},""time"":1731119736049},{""box"":{""left"":2000,""right"":4354,""top"":2624,""bottom"":7041},""time"":1731119737018},{""box"":{""left"":2000,""right"":4354,""top"":2624,""bottom"":7041},""time"":1731119738036}",,,,,
5517,Person,2024-11-09 11:35:34,2024-11-09 11:36:03,"{""box"":{""left"":2551,""right"":4310,""top"":3445,""bottom"":7893},""time"":1731119734796},{""box"":{""left"":2551,""right"":4310,""top"":3445,""bottom"":7893},""time"":1731119735589},{""box"":{""left"":2551,""right"":4310,""top"":3445,""bottom"":7893},""time"":1731119736050},{""box"":{""left"":2551,""right"":4310,""top"":3445,""bottom"":7893},""time"":1731119737019},{""box"":{""left"":2551,""right"":4310,""top"":3445,""bottom"":7893},""time"":1731119738038},{""box"":{""left"":2551,""right"":4310,""top"":3445,""bottom"":7893},""time"":1731119739062},{""box"":{""left"":2551,""right"":4310,""top"":3445,""bottom"":7893},""time"":1731119740088},{""box"":{""left"":2551,""right"":4310,""top"":3445,""bottom"":7893},""time"":1731119741060},{""box"":{""left"":2551,""right"":4310,""top"":3445,""bottom"":7893},""time"":1731119742146},{""box"":{""left"":2551,""right"":4310,""top"":3445,""bottom"":7893},""time"":1731119743053},{""box"":{""left"":2551,""right"":4310,""top"":3445,""bottom"":7893},""time"":1731119744182},{""box"":{""left"":2551,""right"":4310,""top"":3445,""bottom"":7893},""time"":1731119745081},{""box"":{""left"":2551,""right"":4310,""top"":3445,""bottom"":7893},""time"":1731119746163},{""box"":{""left"":2551,""right"":4310,""top"":3445,""bottom"":7893},""time"":1731119747024},{""box"":{""left"":2551,""right"":4310,""top"":3445,""bottom"":7893},""time"":1731119748166},{""box"":{""left"":2551,""right"":4310,""top"":3445,""bottom"":7893},""time"":1731119749075},{""box"":{""left"":2551,""right"":4310,""top"":3445,""bottom"":7893},""time"":1731119750083},{""box"":{""left"":2551,""right"":4310,""top"":3445,""bottom"":7893},""time"":1731119751044},{""box"":{""left"":2551,""right"":4310,""top"":3445,""bottom"":7893},""time"":1731119752001},{""box"":{""left"":2551,""right"":4310,""top"":3445,""bottom"":7893},""time"":1731119753045},{""box"":{""left"":2551,""right"":4310,""top"":3445,""bottom"":7893},""time"":1731119754190},{""box"":{""left"":2551,""right"":4310,""top"":3445,""bottom"":7893},""time"":1731119755034},{""box"":{""left"":2551,""right"":4310,""top"":3445,""bottom"":7893},""time"":1731119756038},{""box"":{""left"":2551,""right"":4310,""top"":3445,""bottom"":7893},""time"":1731119757007},{""box"":{""left"":2551,""right"":4310,""top"":3445,""bottom"":7893},""time"":1731119758027},{""box"":{""left"":2551,""right"":4310,""top"":3445,""bottom"":7893},""time"":1731119759047},{""box"":{""left"":2551,""right"":4310,""top"":3445,""bottom"":7893},""time"":1731119760008},{""box"":{""left"":2551,""right"":4310,""top"":3445,""bottom"":7893},""time"":1731119761027},{""box"":{""left"":2551,""right"":4310,""top"":3445,""bottom"":7893},""time"":1731119762059},{""box"":{""left"":2551,""right"":4310,""top"":3445,""bottom"":7893},""time"":1731119763016}",,,,,
5518,Person,2024-11-09 11:35:35,2024-11-09 11:35:35,"{""box"":{""left"":402,""right"":5215,""top"":1439,""bottom"":8798},""time"":1731119735589}",,,,,
5520,Person,2024-11-09 11:35:40,2024-11-09 11:35:41,"{""box"":{""left"":2031,""right"":2531,""top"":2281,""bottom"":3729},""time"":1731119740608},{""box"":{""left"":2031,""right"":2531,""top"":2281,""bottom"":3729},""time"":1731119741001}",,,,,
5521,Person,2024-11-09 11:35:42,2024-11-09 11:35:42,"{""box"":{""left"":751,""right"":5122,""top"":1826,""bottom"":8768},""time"":1731119742427}",,,,,
5522,Person,2024-11-09 11:35:44,2024-11-09 11:35:48,"{""box"":{""left"":1943,""right"":2395,""top"":2187,""bottom"":3249},""time"":1731119744459},{""box"":{""left"":1943,""right"":2395,""top"":2187,""bottom"":3249},""time"":1731119745024},{""box"":{""left"":1943,""right"":2395,""top"":2187,""bottom"":3249},""time"":1731119746165},{""box"":{""left"":1943,""right"":2395,""top"":2187,""bottom"":3249},""time"":1731119747032},{""box"":{""left"":1943,""right"":2395,""top"":2187,""bottom"":3249},""time"":1731119748173}",,,,,
5523,Person,2024-11-09 11:35:44,2024-11-09 11:35:45,"{""box"":{""left"":1762,""right"":2229,""top"":1949,""bottom"":3677},""time"":1731119744803}",,,,,
5524,Person,2024-11-09 11:35:47,2024-11-09 11:36:03,"{""box"":{""left"":1912,""right"":2375,""top"":2093,""bottom"":3416},""time"":1731119747777},{""box"":{""left"":1912,""right"":2375,""top"":2093,""bottom"":3416},""time"":1731119754193},{""box"":{""left"":1912,""right"":2375,""top"":2093,""bottom"":3416},""time"":1731119755043},{""box"":{""left"":1912,""right"":2375,""top"":2093,""bottom"":3416},""time"":1731119756046},{""box"":{""left"":1912,""right"":2375,""top"":2093,""bottom"":3416},""time"":1731119757010},{""box"":{""left"":1912,""right"":2375,""top"":2093,""bottom"":3416},""time"":1731119758030},{""box"":{""left"":1912,""right"":2375,""top"":2093,""bottom"":3416},""time"":1731119759158},{""box"":{""left"":1912,""right"":2375,""top"":2093,""bottom"":3416},""time"":1731119760005},{""box"":{""left"":1912,""right"":2375,""top"":2093,""bottom"":3416},""time"":1731119761024},{""box"":{""left"":1912,""right"":2375,""top"":2093,""bottom"":3416},""time"":1731119762062},{""box"":{""left"":1912,""right"":2375,""top"":2093,""bottom"":3416},""time"":1731119763013}",,,,,
5525,Face,2024-11-09 11:36:02,2024-11-09 11:36:03,"{""box"":{""left"":4371,""right"":6177,""top"":4737,""bottom"":6744},""time"":1731119762827},{""box"":{""left"":4660,""right"":6583,""top"":5041,""bottom"":7183},""time"":1731119763021}","35,44",female,,,
5526,Face,2024-11-09 11:36:03,2024-11-09 11:36:03,"{""box"":{""left"":6208,""right"":8753,""top"":6649,""bottom"":9356},""time"":1731119763660}","6,12",female,,,
5527,Person,2024-11-09 11:36:04,2024-11-09 11:36:05,"{""box"":{""left"":737,""right"":4312,""top"":1562,""bottom"":8145},""time"":1731119764284},{""box"":{""left"":737,""right"":4312,""top"":1562,""bottom"":8145},""time"":1731119765460}",,,,,
5528,Person,2024-11-09 11:36:09,2024-11-09 11:36:36,"{""box"":{""left"":8687,""right"":6041,""top"":9975,""bottom"":9708},""time"":1731119769940},{""box"":{""left"":8687,""right"":6041,""top"":9975,""bottom"":9708},""time"":1731119771011},{""box"":{""left"":8687,""right"":6041,""top"":9975,""bottom"":9708},""time"":1731119772029},{""box"":{""left"":8687,""right"":6041,""top"":9975,""bottom"":9708},""time"":1731119773677},{""box"":{""left"":8687,""right"":6041,""top"":9975,""bottom"":9708},""time"":1731119774017},{""box"":{""left"":8687,""right"":6041,""top"":9975,""bottom"":9708},""time"":1731119775084},{""box"":{""left"":8687,""right"":6041,""top"":9975,""bottom"":9708},""time"":1731119776043},{""box"":{""left"":8687,""right"":6041,""top"":9975,""bottom"":9708},""time"":1731119777001},{""box"":{""left"":8687,""right"":6041,""top"":9975,""bottom"":9708},""time"":1731119778026},{""box"":{""left"":8687,""right"":6041,""top"":9975,""bottom"":9708},""time"":1731119780357},{""box"":{""left"":8687,""right"":6041,""top"":9975,""bottom"":9708},""time"":1731119781167},{""box"":{""left"":8687,""right"":6041,""top"":9975,""bottom"":9708},""time"":1731119782021},{""box"":{""left"":8687,""right"":6041,""top"":9975,""bottom"":9708},""time"":1731119783034},{""box"":{""left"":8687,""right"":6041,""top"":9975,""bottom"":9708},""time"":1731119784054},{""box"":{""left"":8687,""right"":6041,""top"":9975,""bottom"":9708},""time"":1731119785017},{""box"":{""left"":8687,""right"":6041,""top"":9975,""bottom"":9708},""time"":1731119786041},{""box"":{""left"":8687,""right"":6041,""top"":9975,""bottom"":9708},""time"":1731119787029},{""box"":{""left"":8687,""right"":6041,""top"":9975,""bottom"":9708},""time"":1731119788046},{""box"":{""left"":8687,""right"":6041,""top"":9975,""bottom"":9708},""time"":1731119789007},{""box"":{""left"":8687,""right"":6041,""top"":9975,""bottom"":9708},""time"":1731119790013},{""box"":{""left"":8687,""right"":6041,""top"":9975,""bottom"":9708},""time"":1731119791051},{""box"":{""left"":8687,""right"":6041,""top"":9975,""bottom"":9708},""time"":1731119792013},{""box"":{""left"":8687,""right"":6041,""top"":9975,""bottom"":9708},""time"":1731119793043},{""box"":{""left"":8687,""right"":6041,""top"":9975,""bottom"":9708},""time"":1731119794059},{""box"":{""left"":8687,""right"":6041,""top"":9975,""bottom"":9708},""time"":1731119795030},{""box"":{""left"":8687,""right"":6041,""top"":9975,""bottom"":9708},""time"":1731119796122}",,,,,
5529,Person,2024-11-09 11:36:11,2024-11-09 11:36:24,"{""box"":{""left"":1743,""right"":2322,""top"":1937,""bottom"":3302},""time"":1731119771855},{""box"":{""left"":1743,""right"":2322,""top"":1937,""bottom"":3302},""time"":1731119774020},{""box"":{""left"":1743,""right"":2322,""top"":1937,""bottom"":3302},""time"":1731119775033},{""box"":{""left"":1743,""right"":2322,""top"":1937,""bottom"":3302},""time"":1731119776045},{""box"":{""left"":1743,""right"":2322,""top"":1937,""bottom"":3302},""time"":1731119777004},{""box"":{""left"":1743,""right"":2322,""top"":1937,""bottom"":3302},""time"":1731119778029},{""box"":{""left"":1743,""right"":2322,""top"":1937,""bottom"":3302},""time"":1731119779111},{""box"":{""left"":1743,""right"":2322,""top"":1937,""bottom"":3302},""time"":1731119780020},{""box"":{""left"":1743,""right"":2322,""top"":1937,""bottom"":3302},""time"":1731119781045},{""box"":{""left"":1743,""right"":2322,""top"":1937,""bottom"":3302},""time"":1731119782025},{""box"":{""left"":1743,""right"":2322,""top"":1937,""bottom"":3302},""time"":1731119783032},{""box"":{""left"":1743,""right"":2322,""top"":1937,""bottom"":3302},""time"":1731119784059}",,,,,
5531,Person,2024-11-09 11:36:15,2024-11-09 11:36:26,"{""box"":{""left"":1775,""right"":2382,""top"":1968,""bottom"":3494},""time"":1731119775150},{""box"":{""left"":1775,""right"":2382,""top"":1968,""bottom"":3494},""time"":1731119777006},{""box"":{""left"":1775,""right"":2382,""top"":1968,""bottom"":3494},""time"":1731119778032},{""box"":{""left"":1775,""right"":2382,""top"":1968,""bottom"":3494},""time"":1731119779000},{""box"":{""left"":1775,""right"":2382,""top"":1968,""bottom"":3494},""time"":1731119780198},{""box"":{""left"":1775,""right"":2382,""top"":1968,""bottom"":3494},""time"":1731119781047},{""box"":{""left"":1775,""right"":2382,""top"":1968,""bottom"":3494},""time"":1731119782027},{""box"":{""left"":1775,""right"":2382,""top"":1968,""bottom"":3494},""time"":1731119783039},{""box"":{""left"":1775,""right"":2382,""top"":1968,""bottom"":3494},""time"":1731119784061},{""box"":{""left"":1775,""right"":2382,""top"":1968,""bottom"":3494},""time"":1731119785022},{""box"":{""left"":1775,""right"":2382,""top"":1968,""bottom"":3494},""time"":1731119786094}",,,,,
5532,Person,2024-11-09 11:36:16,2024-11-09 11:36:25,"{""box"":{""left"":1949,""right"":2583,""top"":2137,""bottom"":3854},""time"":1731119776771},{""box"":{""left"":1949,""right"":2583,""top"":2137,""bottom"":3854},""time"":1731119777061},{""box"":{""left"":1949,""right"":2583,""top"":2137,""bottom"":3854},""time"":1731119778034},{""box"":{""left"":1949,""right"":2583,""top"":2137,""bottom"":3854},""time"":1731119779003},{""box"":{""left"":1949,""right"":2583,""top"":2137,""bottom"":3854},""time"":1731119780024},{""box"":{""left"":1949,""right"":2583,""top"":2137,""bottom"":3854},""time"":1731119781174},{""box"":{""left"":1949,""right"":2583,""top"":2137,""bottom"":3854},""time"":1731119782029},{""box"":{""left"":1949,""right"":2583,""top"":2137,""bottom"":3854},""time"":1731119783041},{""box"":{""left"":1949,""right"":2583,""top"":2137,""bottom"":3854},""time"":1731119784063},{""box"":{""left"":1949,""right"":2583,""top"":2137,""bottom"":3854},""time"":1731119785025}",,,,,
5533,Person,2024-11-09 11:36:17,2024-11-09 11:36:17,"{""box"":{""left"":8987,""right"":7791,""top"":10000,""bottom"":10000},""time"":1731119777008}",,,,,
5534,Person,2024-11-09 11:36:20,2024-11-09 11:36:20,"{""box"":{""left"":8825,""right"":5375,""top"":9474,""bottom"":8500},""time"":1731119780656}",,,,,
5535,Person,2024-11-09 11:36:21,2024-11-09 11:36:21,"{""box"":{""left"":1781,""right"":3010,""top"":1987,""bottom"":4135},""time"":1731119781176}",,,,,
5536,Person,2024-11-09 11:36:22,2024-11-09 11:36:22,"{""box"":{""left"":8837,""right"":4916,""top"":9400,""bottom"":7770},""time"":1731119782194}",,,,,
5537,Person,2024-11-09 11:36:24,2024-11-09 11:36:30,"{""box"":{""left"":1825,""right"":3500,""top"":2012,""bottom"":4531},""time"":1731119784065},{""box"":{""left"":1825,""right"":3500,""top"":2012,""bottom"":4531},""time"":1731119786097},{""box"":{""left"":1825,""right"":3500,""top"":2012,""bottom"":4531},""time"":1731119787031},{""box"":{""left"":1825,""right"":3500,""top"":2012,""bottom"":4531},""time"":1731119788049},{""box"":{""left"":1825,""right"":3500,""top"":2012,""bottom"":4531},""time"":1731119789008},{""box"":{""left"":1825,""right"":3500,""top"":2012,""bottom"":4531},""time"":1731119790016}",,,,,
5538,Person,2024-11-09 11:36:25,2024-11-09 11:36:45,"{""box"":{""left"":7683,""right"":4093,""top"":8188,""bottom"":5449},""time"":1731119785136},{""box"":{""left"":7683,""right"":4093,""top"":8188,""bottom"":5449},""time"":1731119787083},{""box"":{""left"":7683,""right"":4093,""top"":8188,""bottom"":5449},""time"":1731119788050},{""box"":{""left"":7683,""right"":4093,""top"":8188,""bottom"":5449},""time"":1731119789009},{""box"":{""left"":7683,""right"":4093,""top"":8188,""bottom"":5449},""time"":1731119790017},{""box"":{""left"":7683,""right"":4093,""top"":8188,""bottom"":5449},""time"":1731119791056},{""box"":{""left"":7683,""right"":4093,""top"":8188,""bottom"":5449},""time"":1731119792015},{""box"":{""left"":7683,""right"":4093,""top"":8188,""bottom"":5449},""time"":1731119793045},{""box"":{""left"":7683,""right"":4093,""top"":8188,""bottom"":5449},""time"":1731119794060},{""box"":{""left"":7683,""right"":4093,""top"":8188,""bottom"":5449},""time"":1731119795033},{""box"":{""left"":7683,""right"":4093,""top"":8188,""bottom"":5449},""time"":1731119796001},{""box"":{""left"":7683,""right"":4093,""top"":8188,""bottom"":5449},""time"":1731119797032},{""box"":{""left"":7683,""right"":4093,""top"":8188,""bottom"":5449},""time"":1731119798035},{""box"":{""left"":7683,""right"":4093,""top"":8188,""bottom"":5449},""time"":1731119799054},{""box"":{""left"":7683,""right"":4093,""top"":8188,""bottom"":5449},""time"":1731119800030},{""box"":{""left"":7683,""right"":4093,""top"":8188,""bottom"":5449},""time"":1731119801043},{""box"":{""left"":7683,""right"":4093,""top"":8188,""bottom"":5449},""time"":1731119802014},{""box"":{""left"":7683,""right"":4093,""top"":8188,""bottom"":5449},""time"":1731119803021},{""box"":{""left"":7683,""right"":4093,""top"":8188,""bottom"":5449},""time"":1731119804041},{""box"":{""left"":7683,""right"":4093,""top"":8188,""bottom"":5449},""time"":1731119805000}",,,,,
5539,Person,2024-11-09 11:36:26,2024-11-09 11:36:26,"{""box"":{""left"":176,""right"":5341,""top"":1263,""bottom"":9445},""time"":1731119786785}",,,,,
5540,Person,2024-11-09 11:36:26,2024-11-09 11:36:42,"{""box"":{""left"":5736,""right"":6875,""top"":6985,""bottom"":10000},""time"":1731119786099},{""box"":{""left"":5736,""right"":6875,""top"":6985,""bottom"":10000},""time"":1731119787085},{""box"":{""left"":5736,""right"":6875,""top"":6985,""bottom"":10000},""time"":1731119788051},{""box"":{""left"":5736,""right"":6875,""top"":6985,""bottom"":10000},""time"":1731119789010},{""box"":{""left"":5736,""right"":6875,""top"":6985,""bottom"":10000},""time"":1731119790018},{""box"":{""left"":5736,""right"":6875,""top"":6985,""bottom"":10000},""time"":1731119791059},{""box"":{""left"":5736,""right"":6875,""top"":6985,""bottom"":10000},""time"":1731119792017},{""box"":{""left"":5736,""right"":6875,""top"":6985,""bottom"":10000},""time"":1731119793047},{""box"":{""left"":5736,""right"":6875,""top"":6985,""bottom"":10000},""time"":1731119794061},{""box"":{""left"":5736,""right"":6875,""top"":6985,""bottom"":10000},""time"":1731119795034},{""box"":{""left"":5736,""right"":6875,""top"":6985,""bottom"":10000},""time"":1731119796002},{""box"":{""left"":5736,""right"":6875,""top"":6985,""bottom"":10000},""time"":1731119797035},{""box"":{""left"":5736,""right"":6875,""top"":6985,""bottom"":10000},""time"":1731119798032},{""box"":{""left"":5736,""right"":6875,""top"":6985,""bottom"":10000},""time"":1731119799002},{""box"":{""left"":5736,""right"":6875,""top"":6985,""bottom"":10000},""time"":1731119800033},{""box"":{""left"":5736,""right"":6875,""top"":6985,""bottom"":10000},""time"":1731119801046},{""box"":{""left"":5736,""right"":6875,""top"":6985,""bottom"":10000},""time"":1731119802017}",,,,,
5541,Person,2024-11-09 11:36:26,2024-11-09 11:36:28,"{""box"":{""left"":5437,""right"":5104,""top"":6175,""bottom"":9125},""time"":1731119786848},{""box"":{""left"":5437,""right"":5104,""top"":6175,""bottom"":9125},""time"":1731119787086},{""box"":{""left"":5437,""right"":5104,""top"":6175,""bottom"":9125},""time"":1731119788052}",,,,,
5543,Person,2024-11-09 11:36:42,2024-11-09 11:36:48,"{""box"":{""left"":6300,""right"":2541,""top"":6675,""bottom"":4708},""time"":1731119802117},{""box"":{""left"":6300,""right"":2541,""top"":6675,""bottom"":4708},""time"":1731119803024},{""box"":{""left"":6300,""right"":2541,""top"":6675,""bottom"":4708},""time"":1731119804044},{""box"":{""left"":6300,""right"":2541,""top"":6675,""bottom"":4708},""time"":1731119805003},{""box"":{""left"":6300,""right"":2541,""top"":6675,""bottom"":4708},""time"":1731119806042},{""box"":{""left"":6300,""right"":2541,""top"":6675,""bottom"":4708},""time"":1731119807008},{""box"":{""left"":6300,""right"":2541,""top"":6675,""bottom"":4708},""time"":1731119808037}",,,,,
5544,Person,2024-11-09 11:36:49,2024-11-09 11:36:53,"{""box"":{""left"":875,""right"":5166,""top"":1849,""bottom"":8999},""time"":1731119809707},{""box"":{""left"":875,""right"":5166,""top"":1849,""bottom"":8999},""time"":1731119810043},{""box"":{""left"":875,""right"":5166,""top"":1849,""bottom"":8999},""time"":1731119811059},{""box"":{""left"":875,""right"":5166,""top"":1849,""bottom"":8999},""time"":1731119812058},{""box"":{""left"":875,""right"":5166,""top"":1849,""bottom"":8999},""time"":1731119813023}",,,,,
5545,Person,2024-11-09 11:36:53,2024-11-09 11:37:02,"{""box"":{""left"":6281,""right"":2697,""top"":6612,""bottom"":4499},""time"":1731119813482},{""box"":{""left"":6281,""right"":2697,""top"":6612,""bottom"":4499},""time"":1731119814042},{""box"":{""left"":6281,""right"":2697,""top"":6612,""bottom"":4499},""time"":1731119815059},{""box"":{""left"":6281,""right"":2697,""top"":6612,""bottom"":4499},""time"":1731119816027},{""box"":{""left"":6281,""right"":2697,""top"":6612,""bottom"":4499},""time"":1731119817002},{""box"":{""left"":6281,""right"":2697,""top"":6612,""bottom"":4499},""time"":1731119818019},{""box"":{""left"":6281,""right"":2697,""top"":6612,""bottom"":4499},""time"":1731119819039},{""box"":{""left"":6281,""right"":2697,""top"":6612,""bottom"":4499},""time"":1731119820059},{""box"":{""left"":6281,""right"":2697,""top"":6612,""bottom"":4499},""time"":1731119821009},{""box"":{""left"":6281,""right"":2697,""top"":6612,""bottom"":4499},""time"":1731119822024}",,,,,
5546,Person,2024-11-09 11:36:56,2024-11-09 11:36:56,"{""box"":{""left"":7928,""right"":8253,""top"":9787,""bottom"":9962},""time"":1731119816424}",,,,,
5547,Person,2024-11-09 11:36:57,2024-11-09 11:37:19,"{""box"":{""left"":1750,""right"":2364,""top"":1949,""bottom"":3510},""time"":1731119817115},{""box"":{""left"":1750,""right"":2364,""top"":1949,""bottom"":3510},""time"":1731119820001},{""box"":{""left"":1750,""right"":2364,""top"":1949,""bottom"":3510},""time"":1731119821013},{""box"":{""left"":1750,""right"":2364,""top"":1949,""bottom"":3510},""time"":1731119822027},{""box"":{""left"":1750,""right"":2364,""top"":1949,""bottom"":3510},""time"":1731119823034},{""box"":{""left"":1750,""right"":2364,""top"":1949,""bottom"":3510},""time"":1731119824051},{""box"":{""left"":1750,""right"":2364,""top"":1949,""bottom"":3510},""time"":1731119825012},{""box"":{""left"":1750,""right"":2364,""top"":1949,""bottom"":3510},""time"":1731119826020},{""box"":{""left"":1750,""right"":2364,""top"":1949,""bottom"":3510},""time"":1731119827042},{""box"":{""left"":1750,""right"":2364,""top"":1949,""bottom"":3510},""time"":1731119828050},{""box"":{""left"":1750,""right"":2364,""top"":1949,""bottom"":3510},""time"":1731119829013},{""box"":{""left"":1750,""right"":2364,""top"":1949,""bottom"":3510},""time"":1731119830032},{""box"":{""left"":1750,""right"":2364,""top"":1949,""bottom"":3510},""time"":1731119831045},{""box"":{""left"":1750,""right"":2364,""top"":1949,""bottom"":3510},""time"":1731119832060},{""box"":{""left"":1750,""right"":2364,""top"":1949,""bottom"":3510},""time"":1731119833025},{""box"":{""left"":1750,""right"":2364,""top"":1949,""bottom"":3510},""time"":1731119834059},{""box"":{""left"":1750,""right"":2364,""top"":1949,""bottom"":3510},""time"":1731119835030},{""box"":{""left"":1750,""right"":2364,""top"":1949,""bottom"":3510},""time"":1731119836003},{""box"":{""left"":1750,""right"":2364,""top"":1949,""bottom"":3510},""time"":1731119837029},{""box"":{""left"":1750,""right"":2364,""top"":1949,""bottom"":3510},""time"":1731119838043},{""box"":{""left"":1750,""right"":2364,""top"":1949,""bottom"":3510},""time"":1731119839005}",,,,,
5548,Person,2024-11-09 11:37:03,2024-11-09 11:37:09,"{""box"":{""left"":1987,""right"":2500,""top"":2175,""bottom"":3416},""time"":1731119823260},{""box"":{""left"":1987,""right"":2500,""top"":2175,""bottom"":3416},""time"":1731119826023},{""box"":{""left"":1987,""right"":2500,""top"":2175,""bottom"":3416},""time"":1731119827045},{""box"":{""left"":1987,""right"":2500,""top"":2175,""bottom"":3416},""time"":1731119829018}",,,,,
5549,Person,2024-11-09 11:37:08,2024-11-09 11:37:08,"{""box"":{""left"":6425,""right"":1905,""top"":6606,""bottom"":2832},""time"":1731119828114}",,,,,
5550,Person,2024-11-09 11:37:10,2024-11-09 11:37:16,"{""box"":{""left"":3662,""right"":2937,""top"":3981,""bottom"":4072},""time"":1731119830649},{""box"":{""left"":3662,""right"":2937,""top"":3981,""bottom"":4072},""time"":1731119831051},{""box"":{""left"":3662,""right"":2937,""top"":3981,""bottom"":4072},""time"":1731119832001},{""box"":{""left"":3662,""right"":2937,""top"":3981,""bottom"":4072},""time"":1731119833031},{""box"":{""left"":3662,""right"":2937,""top"":3981,""bottom"":4072},""time"":1731119834064},{""box"":{""left"":3662,""right"":2937,""top"":3981,""bottom"":4072},""time"":1731119835035},{""box"":{""left"":3662,""right"":2937,""top"":3981,""bottom"":4072},""time"":1731119836006}",,,,,
5551,Person,2024-11-09 11:37:14,2024-11-09 11:37:22,"{""box"":{""left"":1750,""right"":2458,""top"":1968,""bottom"":3583},""time"":1731119834636},{""box"":{""left"":1750,""right"":2458,""top"":1968,""bottom"":3583},""time"":1731119836009},{""box"":{""left"":1750,""right"":2458,""top"":1968,""bottom"":3583},""time"":1731119837032},{""box"":{""left"":1750,""right"":2458,""top"":1968,""bottom"":3583},""time"":1731119838049},{""box"":{""left"":1750,""right"":2458,""top"":1968,""bottom"":3583},""time"":1731119839008},{""box"":{""left"":1750,""right"":2458,""top"":1968,""bottom"":3583},""time"":1731119840037},{""box"":{""left"":1750,""right"":2458,""top"":1968,""bottom"":3583},""time"":1731119841007},{""box"":{""left"":1750,""right"":2458,""top"":1968,""bottom"":3583},""time"":1731119842034}",,,,,
5552,Face,2024-11-09 11:37:19,2024-11-09 11:37:19,"{""box"":{""left"":6391,""right"":6663,""top"":6780,""bottom"":7195},""time"":1731119839128}","6,12",male,,,
5553,Person,2024-11-09 11:37:22,2024-11-09 11:37:23,"{""box"":{""left"":3312,""right"":3479,""top"":4262,""bottom"":7979},""time"":1731119842257},{""box"":{""left"":3312,""right"":3479,""top"":4262,""bottom"":7979},""time"":1731119843101}",,,,,
5554,Face,2024-11-09 11:37:23,2024-11-09 11:37:24,"{""box"":{""left"":4840,""right"":4882,""top"":5206,""bottom"":5351},""time"":1731119843347}","6,12",male,,,
5555,Person,2024-11-09 11:37:23,2024-11-09 11:37:24,"{""box"":{""left"":4725,""right"":4854,""top"":6000,""bottom"":7979},""time"":1731119843524},{""box"":{""left"":4725,""right"":4854,""top"":6000,""bottom"":7979},""time"":1731119844067}",,,,,
5556,Person,2024-11-09 11:37:31,2024-11-09 11:37:39,"{""box"":{""left"":4782,""right"":7511,""top"":6572,""bottom"":10000},""time"":1731119851845},{""box"":{""left"":4782,""right"":7511,""top"":6572,""bottom"":10000},""time"":1731119852030},{""box"":{""left"":4782,""right"":7511,""top"":6572,""bottom"":10000},""time"":1731119853046},{""box"":{""left"":4782,""right"":7511,""top"":6572,""bottom"":10000},""time"":1731119854004},{""box"":{""left"":4782,""right"":7511,""top"":6572,""bottom"":10000},""time"":1731119855030},{""box"":{""left"":4782,""right"":7511,""top"":6572,""bottom"":10000},""time"":1731119856036},{""box"":{""left"":4782,""right"":7511,""top"":6572,""bottom"":10000},""time"":1731119857001},{""box"":{""left"":4782,""right"":7511,""top"":6572,""bottom"":10000},""time"":1731119858001},{""box"":{""left"":4782,""right"":7511,""top"":6572,""bottom"":10000},""time"":1731119859026}",,,,,
5557,Person,2024-11-09 11:37:49,2024-11-09 11:37:49,"{""box"":{""left"":478,""right"":5175,""top"":1603,""bottom"":9196},""time"":1731119869376}",,,,,
5558,Person,2024-11-09 11:37:49,2024-11-09 11:38:00,"{""box"":{""left"":4562,""right"":8645,""top"":5837,""bottom"":10000},""time"":1731119869822},{""box"":{""left"":4562,""right"":8645,""top"":5837,""bottom"":10000},""time"":1731119870048},{""box"":{""left"":4562,""right"":8645,""top"":5837,""bottom"":10000},""time"":1731119871002},{""box"":{""left"":4562,""right"":8645,""top"":5837,""bottom"":10000},""time"":1731119872009},{""box"":{""left"":4562,""right"":8645,""top"":5837,""bottom"":10000},""time"":1731119873037},{""box"":{""left"":4562,""right"":8645,""top"":5837,""bottom"":10000},""time"":1731119874007},{""box"":{""left"":4562,""right"":8645,""top"":5837,""bottom"":10000},""time"":1731119875025},{""box"":{""left"":4562,""right"":8645,""top"":5837,""bottom"":10000},""time"":1731119876048},{""box"":{""left"":4562,""right"":8645,""top"":5837,""bottom"":10000},""time"":1731119877009},{""box"":{""left"":4562,""right"":8645,""top"":5837,""bottom"":10000},""time"":1731119878038},{""box"":{""left"":4562,""right"":8645,""top"":5837,""bottom"":10000},""time"":1731119879023},{""box"":{""left"":4562,""right"":8645,""top"":5837,""bottom"":10000},""time"":1731119880003}",,,,,
5559,Person,2024-11-09 11:37:52,2024-11-09 11:38:00,"{""box"":{""left"":6287,""right"":2583,""top"":6650,""bottom"":4520},""time"":1731119872418},{""box"":{""left"":6287,""right"":2583,""top"":6650,""bottom"":4520},""time"":1731119873040},{""box"":{""left"":6287,""right"":2583,""top"":6650,""bottom"":4520},""time"":1731119874010},{""box"":{""left"":6287,""right"":2583,""top"":6650,""bottom"":4520},""time"":1731119875028},{""box"":{""left"":6287,""right"":2583,""top"":6650,""bottom"":4520},""time"":1731119876051},{""box"":{""left"":6287,""right"":2583,""top"":6650,""bottom"":4520},""time"":1731119877012},{""box"":{""left"":6287,""right"":2583,""top"":6650,""bottom"":4520},""time"":1731119878041},{""box"":{""left"":6287,""right"":2583,""top"":6650,""bottom"":4520},""time"":1731119879026},{""box"":{""left"":6287,""right"":2583,""top"":6650,""bottom"":4520},""time"":1731119880007}",,,,,
5560,Face,2024-11-09 11:37:58,2024-11-09 11:37:59,"{""box"":{""left"":5480,""right"":6948,""top"":5864,""bottom"":7522},""time"":1731119878723}","18,24",male,,,
5561,Person,2024-11-09 11:38:03,2024-11-09 11:38:31,"{""box"":{""left"":8687,""right"":7270,""top"":10000,""bottom"":10000},""time"":1731119883714},{""box"":{""left"":8687,""right"":7270,""top"":10000,""bottom"":10000},""time"":1731119885630},{""box"":{""left"":8687,""right"":7270,""top"":10000,""bottom"":10000},""time"":1731119886027},{""box"":{""left"":8687,""right"":7270,""top"":10000,""bottom"":10000},""time"":1731119887002},{""box"":{""left"":8687,""right"":7270,""top"":10000,""bottom"":10000},""time"":1731119888000},{""box"":{""left"":8687,""right"":7270,""top"":10000,""bottom"":10000},""time"":1731119889018},{""box"":{""left"":8687,""right"":7270,""top"":10000,""bottom"":10000},""time"":1731119890029},{""box"":{""left"":8687,""right"":7270,""top"":10000,""bottom"":10000},""time"":1731119891051},{""box"":{""left"":8687,""right"":7270,""top"":10000,""bottom"":10000},""time"":1731119892016},{""box"":{""left"":8687,""right"":7270,""top"":10000,""bottom"":10000},""time"":1731119893040},{""box"":{""left"":8687,""right"":7270,""top"":10000,""bottom"":10000},""time"":1731119894011},{""box"":{""left"":8687,""right"":7270,""top"":10000,""bottom"":10000},""time"":1731119895029},{""box"":{""left"":8687,""right"":7270,""top"":10000,""bottom"":10000},""time"":1731119896035},{""box"":{""left"":8687,""right"":7270,""top"":10000,""bottom"":10000},""time"":1731119897008},{""box"":{""left"":8687,""right"":7270,""top"":10000,""bottom"":10000},""time"":1731119898036},{""box"":{""left"":8687,""right"":7270,""top"":10000,""bottom"":10000},""time"":1731119899001},{""box"":{""left"":8687,""right"":7270,""top"":10000,""bottom"":10000},""time"":1731119900026},{""box"":{""left"":8687,""right"":7270,""top"":10000,""bottom"":10000},""time"":1731119901002},{""box"":{""left"":8687,""right"":7270,""top"":10000,""bottom"":10000},""time"":1731119902005},{""box"":{""left"":8687,""right"":7270,""top"":10000,""bottom"":10000},""time"":1731119903007},{""box"":{""left"":8687,""right"":7270,""top"":10000,""bottom"":10000},""time"":1731119904027},{""box"":{""left"":8687,""right"":7270,""top"":10000,""bottom"":10000},""time"":1731119905028},{""box"":{""left"":8687,""right"":7270,""top"":10000,""bottom"":10000},""time"":1731119906001},{""box"":{""left"":8687,""right"":7270,""top"":10000,""bottom"":10000},""time"":1731119907413},{""box"":{""left"":8687,""right"":7270,""top"":10000,""bottom"":10000},""time"":1731119908043},{""box"":{""left"":8687,""right"":7270,""top"":10000,""bottom"":10000},""time"":1731119909064},{""box"":{""left"":8687,""right"":7270,""top"":10000,""bottom"":10000},""time"":1731119910204},{""box"":{""left"":8687,""right"":7270,""top"":10000,""bottom"":10000},""time"":1731119911558}",,,,,
5562,Person,2024-11-09 11:38:08,2024-11-09 11:38:15,"{""box"":{""left"":8900,""right"":7354,""top"":10000,""bottom"":10000},""time"":1731119888958},{""box"":{""left"":8900,""right"":7354,""top"":10000,""bottom"":10000},""time"":1731119889021},{""box"":{""left"":8900,""right"":7354,""top"":10000,""bottom"":10000},""time"":1731119890033},{""box"":{""left"":8900,""right"":7354,""top"":10000,""bottom"":10000},""time"":1731119891054},{""box"":{""left"":8900,""right"":7354,""top"":10000,""bottom"":10000},""time"":1731119892019},{""box"":{""left"":8900,""right"":7354,""top"":10000,""bottom"":10000},""time"":1731119893043},{""box"":{""left"":8900,""right"":7354,""top"":10000,""bottom"":10000},""time"":1731119894013},{""box"":{""left"":8900,""right"":7354,""top"":10000,""bottom"":10000},""time"":1731119895368}",,,,,
5563,Person,2024-11-09 11:38:11,2024-11-09 11:38:20,"{""box"":{""left"":3811,""right"":7629,""top"":5606,""bottom"":10000},""time"":1731119891446},{""box"":{""left"":3811,""right"":7629,""top"":5606,""bottom"":10000},""time"":1731119892244},{""box"":{""left"":3811,""right"":7629,""top"":5606,""bottom"":10000},""time"":1731119893157},{""box"":{""left"":3811,""right"":7629,""top"":5606,""bottom"":10000},""time"":1731119894685},{""box"":{""left"":3811,""right"":7629,""top"":5606,""bottom"":10000},""time"":1731119895032},{""box"":{""left"":3811,""right"":7629,""top"":5606,""bottom"":10000},""time"":1731119896037},{""box"":{""left"":3811,""right"":7629,""top"":5606,""bottom"":10000},""time"":1731119897009},{""box"":{""left"":3811,""right"":7629,""top"":5606,""bottom"":10000},""time"":1731119898037},{""box"":{""left"":3811,""right"":7629,""top"":5606,""bottom"":10000},""time"":1731119899685},{""box"":{""left"":3811,""right"":7629,""top"":5606,""bottom"":10000},""time"":1731119900028}",,,,,
5564,Person,2024-11-09 11:38:17,2024-11-09 11:38:25,"{""box"":{""left"":1775,""right"":2388,""top"":2018,""bottom"":3256},""time"":1731119897181},{""box"":{""left"":1775,""right"":2388,""top"":2018,""bottom"":3256},""time"":1731119898039},{""box"":{""left"":1775,""right"":2388,""top"":2018,""bottom"":3256},""time"":1731119899002},{""box"":{""left"":1775,""right"":2388,""top"":2018,""bottom"":3256},""time"":1731119900076},{""box"":{""left"":1775,""right"":2388,""top"":2018,""bottom"":3256},""time"":1731119901005},{""box"":{""left"":1775,""right"":2388,""top"":2018,""bottom"":3256},""time"":1731119902008},{""box"":{""left"":1775,""right"":2388,""top"":2018,""bottom"":3256},""time"":1731119903012},{""box"":{""left"":1775,""right"":2388,""top"":2018,""bottom"":3256},""time"":1731119904032},{""box"":{""left"":1775,""right"":2388,""top"":2018,""bottom"":3256},""time"":1731119905034}",,,,,
5565,Person,2024-11-09 11:38:26,2024-11-09 11:38:27,"{""box"":{""left"":925,""right"":4562,""top"":1662,""bottom"":7791},""time"":1731119906797},{""box"":{""left"":925,""right"":4562,""top"":1662,""bottom"":7791},""time"":1731119907017}",,,,,
5566,Person,2024-11-09 11:38:27,2024-11-09 11:38:31,"{""box"":{""left"":1768,""right"":2572,""top"":1949,""bottom"":3552},""time"":1731119907481},{""box"":{""left"":1768,""right"":2572,""top"":1949,""bottom"":3552},""time"":1731119910031},{""box"":{""left"":1768,""right"":2572,""top"":1949,""bottom"":3552},""time"":1731119911052}",,,,,