13381,Person,2024-12-15 17:20:14,2024-12-15 17:20:14,"{""box"":{""left"":3875,""right"":5618,""top"":4996,""bottom"":9889},""time"":1734250814208}",,,,,
13382,Person,2024-12-15 17:20:14,2024-12-15 17:20:48,"{""box"":{""left"":5041,""right"":4260,""top"":5547,""bottom"":6296},""time"":1734250814209},{""box"":{""left"":5041,""right"":4260,""top"":5547,""bottom"":6296},""time"":1734250815112},{""box"":{""left"":5041,""right"":4260,""top"":5547,""bottom"":6296},""time"":1734250816004},{""box"":{""left"":5041,""right"":4260,""top"":5547,""bottom"":6296},""time"":1734250817047},{""box"":{""left"":5041,""right"":4260,""top"":5547,""bottom"":6296},""time"":1734250818039},{""box"":{""left"":5041,""right"":4260,""top"":5547,""bottom"":6296},""time"":1734250819001},{""box"":{""left"":5041,""right"":4260,""top"":5547,""bottom"":6296},""time"":1734250820032},{""box"":{""left"":5041,""right"":4260,""top"":5547,""bottom"":6296},""time"":1734250821018},{""box"":{""left"":5041,""right"":4260,""top"":5547,""bottom"":6296},""time"":1734250822043},{""box"":{""left"":5041,""right"":4260,""top"":5547,""bottom"":6296},""time"":1734250827049},{""box"":{""left"":5041,""right"":4260,""top"":5547,""bottom"":6296},""time"":1734250829007},{""box"":{""left"":5041,""right"":4260,""top"":5547,""bottom"":6296},""time"":1734250832035},{""box"":{""left"":5041,""right"":4260,""top"":5547,""bottom"":6296},""time"":1734250833013},{""box"":{""left"":5041,""right"":4260,""top"":5547,""bottom"":6296},""time"":1734250837027},{""box"":{""left"":5041,""right"":4260,""top"":5547,""bottom"":6296},""time"":1734250838057},{""box"":{""left"":5041,""right"":4260,""top"":5547,""bottom"":6296},""time"":1734250839127},{""box"":{""left"":5041,""right"":4260,""top"":5547,""bottom"":6296},""time"":1734250840012},{""box"":{""left"":5041,""right"":4260,""top"":5547,""bottom"":6296},""time"":1734250841013},{""box"":{""left"":5041,""right"":4260,""top"":5547,""bottom"":6296},""time"":1734250842042},{""box"":{""left"":5041,""right"":4260,""top"":5547,""bottom"":6296},""time"":1734250843003},{""box"":{""left"":5041,""right"":4260,""top"":5547,""bottom"":6296},""time"":1734250844030},{""box"":{""left"":5041,""right"":4260,""top"":5547,""bottom"":6296},""time"":1734250845016},{""box"":{""left"":5041,""right"":4260,""top"":5547,""bottom"":6296},""time"":1734250846036},{""box"":{""left"":5041,""right"":4260,""top"":5547,""bottom"":6296},""time"":1734250847001},{""box"":{""left"":5041,""right"":4260,""top"":5547,""bottom"":6296},""time"":1734250848037}",,,,,
13383,Person,2024-12-15 17:20:14,2024-12-15 17:20:42,"{""box"":{""left"":5655,""right"":2514,""top"":6022,""bottom"":4475},""time"":1734250814166},{""box"":{""left"":5655,""right"":2514,""top"":6022,""bottom"":4475},""time"":1734250815051},{""box"":{""left"":5655,""right"":2514,""top"":6022,""bottom"":4475},""time"":1734250816015},{""box"":{""left"":5655,""right"":2514,""top"":6022,""bottom"":4475},""time"":1734250817000},{""box"":{""left"":5655,""right"":2514,""top"":6022,""bottom"":4475},""time"":1734250818033},{""box"":{""left"":5655,""right"":2514,""top"":6022,""bottom"":4475},""time"":1734250819009},{""box"":{""left"":5655,""right"":2514,""top"":6022,""bottom"":4475},""time"":1734250820034},{""box"":{""left"":5655,""right"":2514,""top"":6022,""bottom"":4475},""time"":1734250821020},{""box"":{""left"":5655,""right"":2514,""top"":6022,""bottom"":4475},""time"":1734250822051},{""box"":{""left"":5655,""right"":2514,""top"":6022,""bottom"":4475},""time"":1734250823009},{""box"":{""left"":5655,""right"":2514,""top"":6022,""bottom"":4475},""time"":1734250824052},{""box"":{""left"":5655,""right"":2514,""top"":6022,""bottom"":4475},""time"":1734250825156},{""box"":{""left"":5655,""right"":2514,""top"":6022,""bottom"":4475},""time"":1734250826084},{""box"":{""left"":5655,""right"":2514,""top"":6022,""bottom"":4475},""time"":1734250827057},{""box"":{""left"":5655,""right"":2514,""top"":6022,""bottom"":4475},""time"":1734250828034},{""box"":{""left"":5655,""right"":2514,""top"":6022,""bottom"":4475},""time"":1734250829010},{""box"":{""left"":5655,""right"":2514,""top"":6022,""bottom"":4475},""time"":1734250830308},{""box"":{""left"":5655,""right"":2514,""top"":6022,""bottom"":4475},""time"":1734250831007},{""box"":{""left"":5655,""right"":2514,""top"":6022,""bottom"":4475},""time"":1734250832085},{""box"":{""left"":5655,""right"":2514,""top"":6022,""bottom"":4475},""time"":1734250833016},{""box"":{""left"":5655,""right"":2514,""top"":6022,""bottom"":4475},""time"":1734250834010},{""box"":{""left"":5655,""right"":2514,""top"":6022,""bottom"":4475},""time"":1734250835044},{""box"":{""left"":5655,""right"":2514,""top"":6022,""bottom"":4475},""time"":1734250836004},{""box"":{""left"":5655,""right"":2514,""top"":6022,""bottom"":4475},""time"":1734250837030},{""box"":{""left"":5655,""right"":2514,""top"":6022,""bottom"":4475},""time"":1734250838059},{""box"":{""left"":5655,""right"":2514,""top"":6022,""bottom"":4475},""time"":1734250839015},{""box"":{""left"":5655,""right"":2514,""top"":6022,""bottom"":4475},""time"":1734250840015},{""box"":{""left"":5655,""right"":2514,""top"":6022,""bottom"":4475},""time"":1734250841192},{""box"":{""left"":5655,""right"":2514,""top"":6022,""bottom"":4475},""time"":1734250842046}",,,,,
13386,Person,2024-12-15 17:20:14,2024-12-15 17:20:48,"{""box"":{""left"":6060,""right"":5370,""top"":7436,""bottom"":9289},""time"":1734250814244},{""box"":{""left"":6060,""right"":5370,""top"":7436,""bottom"":9289},""time"":1734250827052},{""box"":{""left"":6060,""right"":5370,""top"":7436,""bottom"":9289},""time"":1734250828037},{""box"":{""left"":6060,""right"":5370,""top"":7436,""bottom"":9289},""time"":1734250829002},{""box"":{""left"":6060,""right"":5370,""top"":7436,""bottom"":9289},""time"":1734250830016},{""box"":{""left"":6060,""right"":5370,""top"":7436,""bottom"":9289},""time"":1734250831002},{""box"":{""left"":6060,""right"":5370,""top"":7436,""bottom"":9289},""time"":1734250832001},{""box"":{""left"":6060,""right"":5370,""top"":7436,""bottom"":9289},""time"":1734250833019},{""box"":{""left"":6060,""right"":5370,""top"":7436,""bottom"":9289},""time"":1734250834002},{""box"":{""left"":6060,""right"":5370,""top"":7436,""bottom"":9289},""time"":1734250835034},{""box"":{""left"":6060,""right"":5370,""top"":7436,""bottom"":9289},""time"":1734250836007},{""box"":{""left"":6060,""right"":5370,""top"":7436,""bottom"":9289},""time"":1734250837039},{""box"":{""left"":6060,""right"":5370,""top"":7436,""bottom"":9289},""time"":1734250838054},{""box"":{""left"":6060,""right"":5370,""top"":7436,""bottom"":9289},""time"":1734250839018},{""box"":{""left"":6060,""right"":5370,""top"":7436,""bottom"":9289},""time"":1734250840017},{""box"":{""left"":6060,""right"":5370,""top"":7436,""bottom"":9289},""time"":1734250841016},{""box"":{""left"":6060,""right"":5370,""top"":7436,""bottom"":9289},""time"":1734250842038},{""box"":{""left"":6060,""right"":5370,""top"":7436,""bottom"":9289},""time"":1734250843011},{""box"":{""left"":6060,""right"":5370,""top"":7436,""bottom"":9289},""time"":1734250844099},{""box"":{""left"":6060,""right"":5370,""top"":7436,""bottom"":9289},""time"":1734250845132},{""box"":{""left"":6060,""right"":5370,""top"":7436,""bottom"":9289},""time"":1734250846094},{""box"":{""left"":6060,""right"":5370,""top"":7436,""bottom"":9289},""time"":1734250847003},{""box"":{""left"":6060,""right"":5370,""top"":7436,""bottom"":9289},""time"":1734250848046}",,,,,
13387,Person,2024-12-15 17:20:14,2024-12-15 17:20:52,"{""box"":{""left"":5066,""right"":4869,""top"":6042,""bottom"":9011},""time"":1734250814245},{""box"":{""left"":5066,""right"":4869,""top"":6042,""bottom"":9011},""time"":1734250815000},{""box"":{""left"":5066,""right"":4869,""top"":6042,""bottom"":9011},""time"":1734250818104},{""box"":{""left"":5066,""right"":4869,""top"":6042,""bottom"":9011},""time"":1734250819013},{""box"":{""left"":5066,""right"":4869,""top"":6042,""bottom"":9011},""time"":1734250821014},{""box"":{""left"":5066,""right"":4869,""top"":6042,""bottom"":9011},""time"":1734250822056},{""box"":{""left"":5066,""right"":4869,""top"":6042,""bottom"":9011},""time"":1734250823075},{""box"":{""left"":5066,""right"":4869,""top"":6042,""bottom"":9011},""time"":1734250824743},{""box"":{""left"":5066,""right"":4869,""top"":6042,""bottom"":9011},""time"":1734250825148},{""box"":{""left"":5066,""right"":4869,""top"":6042,""bottom"":9011},""time"":1734250826204},{""box"":{""left"":5066,""right"":4869,""top"":6042,""bottom"":9011},""time"":1734250827000},{""box"":{""left"":5066,""right"":4869,""top"":6042,""bottom"":9011},""time"":1734250833021},{""box"":{""left"":5066,""right"":4869,""top"":6042,""bottom"":9011},""time"":1734250834005},{""box"":{""left"":5066,""right"":4869,""top"":6042,""bottom"":9011},""time"":1734250835053},{""box"":{""left"":5066,""right"":4869,""top"":6042,""bottom"":9011},""time"":1734250836233},{""box"":{""left"":5066,""right"":4869,""top"":6042,""bottom"":9011},""time"":1734250837033},{""box"":{""left"":5066,""right"":4869,""top"":6042,""bottom"":9011},""time"":1734250840066},{""box"":{""left"":5066,""right"":4869,""top"":6042,""bottom"":9011},""time"":1734250841011},{""box"":{""left"":5066,""right"":4869,""top"":6042,""bottom"":9011},""time"":1734250842155},{""box"":{""left"":5066,""right"":4869,""top"":6042,""bottom"":9011},""time"":1734250843006},{""box"":{""left"":5066,""right"":4869,""top"":6042,""bottom"":9011},""time"":1734250844094},{""box"":{""left"":5066,""right"":4869,""top"":6042,""bottom"":9011},""time"":1734250845139},{""box"":{""left"":5066,""right"":4869,""top"":6042,""bottom"":9011},""time"":1734250846040},{""box"":{""left"":5066,""right"":4869,""top"":6042,""bottom"":9011},""time"":1734250847006},{""box"":{""left"":5066,""right"":4869,""top"":6042,""bottom"":9011},""time"":1734250848040},{""box"":{""left"":5066,""right"":4869,""top"":6042,""bottom"":9011},""time"":1734250849020},{""box"":{""left"":5066,""right"":4869,""top"":6042,""bottom"":9011},""time"":1734250850001},{""box"":{""left"":5066,""right"":4869,""top"":6042,""bottom"":9011},""time"":1734250851006},{""box"":{""left"":5066,""right"":4869,""top"":6042,""bottom"":9011},""time"":1734250852037}",,,,,
13389,Person,2024-12-15 17:20:14,2024-12-15 17:20:16,"{""box"":{""left"":3281,""right"":4086,""top"":4093,""bottom"":7899},""time"":1734250814247},{""box"":{""left"":3281,""right"":4086,""top"":4093,""bottom"":7899},""time"":1734250815129},{""box"":{""left"":3281,""right"":4086,""top"":4093,""bottom"":7899},""time"":1734250816010}",,,,,
13396,Person,2024-12-15 17:20:15,2024-12-15 17:20:22,"{""box"":{""left"":1783,""right"":2912,""top"":2030,""bottom"":3696},""time"":1734250815130},{""box"":{""left"":1783,""right"":2912,""top"":2030,""bottom"":3696},""time"":1734250817008},{""box"":{""left"":1783,""right"":2912,""top"":2030,""bottom"":3696},""time"":1734250818118},{""box"":{""left"":1783,""right"":2912,""top"":2030,""bottom"":3696},""time"":1734250819016},{""box"":{""left"":1783,""right"":2912,""top"":2030,""bottom"":3696},""time"":1734250821027},{""box"":{""left"":1783,""right"":2912,""top"":2030,""bottom"":3696},""time"":1734250822113}",,,,,
13397,Person,2024-12-15 17:20:14,2024-12-15 17:20:30,"{""box"":{""left"":2124,""right"":2844,""top"":2374,""bottom"":3527},""time"":1734250814890},{""box"":{""left"":2124,""right"":2844,""top"":2374,""bottom"":3527},""time"":1734250816026},{""box"":{""left"":2124,""right"":2844,""top"":2374,""bottom"":3527},""time"":1734250817010},{""box"":{""left"":2124,""right"":2844,""top"":2374,""bottom"":3527},""time"":1734250819071},{""box"":{""left"":2124,""right"":2844,""top"":2374,""bottom"":3527},""time"":1734250821029},{""box"":{""left"":2124,""right"":2844,""top"":2374,""bottom"":3527},""time"":1734250822058},{""box"":{""left"":2124,""right"":2844,""top"":2374,""bottom"":3527},""time"":1734250823078},{""box"":{""left"":2124,""right"":2844,""top"":2374,""bottom"":3527},""time"":1734250824748},{""box"":{""left"":2124,""right"":2844,""top"":2374,""bottom"":3527},""time"":1734250825151},{""box"":{""left"":2124,""right"":2844,""top"":2374,""bottom"":3527},""time"":1734250826195},{""box"":{""left"":2124,""right"":2844,""top"":2374,""bottom"":3527},""time"":1734250827107},{""box"":{""left"":2124,""right"":2844,""top"":2374,""bottom"":3527},""time"":1734250828029},{""box"":{""left"":2124,""right"":2844,""top"":2374,""bottom"":3527},""time"":1734250830246}",,,,,
13399,Person,2024-12-15 17:20:21,2024-12-15 17:20:28,"{""box"":{""left"":2709,""right"":3693,""top"":3368,""bottom"":6534},""time"":1734250821998},{""box"":{""left"":2709,""right"":3693,""top"":3368,""bottom"":6534},""time"":1734250822117},{""box"":{""left"":2709,""right"":3693,""top"":3368,""bottom"":6534},""time"":1734250823080},{""box"":{""left"":2709,""right"":3693,""top"":3368,""bottom"":6534},""time"":1734250824824},{""box"":{""left"":2709,""right"":3693,""top"":3368,""bottom"":6534},""time"":1734250825165},{""box"":{""left"":2709,""right"":3693,""top"":3368,""bottom"":6534},""time"":1734250826210},{""box"":{""left"":2709,""right"":3693,""top"":3368,""bottom"":6534},""time"":1734250827002},{""box"":{""left"":2709,""right"":3693,""top"":3368,""bottom"":6534},""time"":1734250828044}",,,,,
13400,Person,2024-12-15 17:20:30,2024-12-15 17:20:30,"{""box"":{""left"":4518,""right"":2614,""top"":4730,""bottom"":3916},""time"":1734250830783}",,,,,
13401,Person,2024-12-15 17:20:30,2024-12-15 17:20:33,"{""box"":{""left"":2550,""right"":4041,""top"":3162,""bottom"":6458},""time"":1734250830950},{""box"":{""left"":2550,""right"":4041,""top"":3162,""bottom"":6458},""time"":1734250831015},{""box"":{""left"":2550,""right"":4041,""top"":3162,""bottom"":6458},""time"":1734250832093},{""box"":{""left"":2550,""right"":4041,""top"":3162,""bottom"":6458},""time"":1734250833144}",,,,,
13403,Face,2024-12-15 17:20:36,2024-12-15 17:20:37,"{""box"":{""left"":6326,""right"":5116,""top"":6669,""bottom"":5616},""time"":1734250836782}","35,44",female,,,
13404,Person,2024-12-15 17:20:37,2024-12-15 17:20:37,"{""box"":{""left"":4462,""right"":3062,""top"":4731,""bottom"":4072},""time"":1734250837546}",,,,,
13405,Person,2024-12-15 17:20:38,2024-12-15 17:20:44,"{""box"":{""left"":6191,""right"":2601,""top"":6593,""bottom"":4528},""time"":1734250838634},{""box"":{""left"":6191,""right"":2601,""top"":6593,""bottom"":4528},""time"":1734250839030},{""box"":{""left"":6191,""right"":2601,""top"":6593,""bottom"":4528},""time"":1734250840068},{""box"":{""left"":6191,""right"":2601,""top"":6593,""bottom"":4528},""time"":1734250841020},{""box"":{""left"":6191,""right"":2601,""top"":6593,""bottom"":4528},""time"":1734250842166},{""box"":{""left"":6191,""right"":2601,""top"":6593,""bottom"":4528},""time"":1734250843016},{""box"":{""left"":6191,""right"":2601,""top"":6593,""bottom"":4528},""time"":1734250844155}",,,,,
13406,Person,2024-12-15 17:20:38,2024-12-15 17:20:38,"{""box"":{""left"":5899,""right"":2625,""top"":6181,""bottom"":3656},""time"":1734250838918}",,,,,
13407,Person,2024-12-15 17:20:39,2024-12-15 17:20:51,"{""box"":{""left"":6212,""right"":2583,""top"":6650,""bottom"":4562},""time"":1734250839803},{""box"":{""left"":6212,""right"":2583,""top"":6650,""bottom"":4562},""time"":1734250840071},{""box"":{""left"":6212,""right"":2583,""top"":6650,""bottom"":4562},""time"":1734250841023},{""box"":{""left"":6212,""right"":2583,""top"":6650,""bottom"":4562},""time"":1734250842169},{""box"":{""left"":6212,""right"":2583,""top"":6650,""bottom"":4562},""time"":1734250843018},{""box"":{""left"":6212,""right"":2583,""top"":6650,""bottom"":4562},""time"":1734250844158},{""box"":{""left"":6212,""right"":2583,""top"":6650,""bottom"":4562},""time"":1734250845141},{""box"":{""left"":6212,""right"":2583,""top"":6650,""bottom"":4562},""time"":1734250846047},{""box"":{""left"":6212,""right"":2583,""top"":6650,""bottom"":4562},""time"":1734250847008},{""box"":{""left"":6212,""right"":2583,""top"":6650,""bottom"":4562},""time"":1734250848051},{""box"":{""left"":6212,""right"":2583,""top"":6650,""bottom"":4562},""time"":1734250849025},{""box"":{""left"":6212,""right"":2583,""top"":6650,""bottom"":4562},""time"":1734250850003},{""box"":{""left"":6212,""right"":2583,""top"":6650,""bottom"":4562},""time"":1734250851063}",,,,,
13408,Person,2024-12-15 17:20:41,2024-12-15 17:20:42,"{""box"":{""left"":6337,""right"":2531,""top"":6643,""bottom"":3729},""time"":1734250841025},{""box"":{""left"":6337,""right"":2531,""top"":6643,""bottom"":3729},""time"":1734250842613}",,,,,
13409,Person,2024-12-15 17:20:41,2024-12-15 17:20:41,"{""box"":{""left"":4743,""right"":2760,""top"":4997,""bottom"":4040},""time"":1734250841770}",,,,,
13410,Person,2024-12-15 17:20:43,2024-12-15 17:20:54,"{""box"":{""left"":4253,""right"":3245,""top"":4689,""bottom"":4030},""time"":1734250843349},{""box"":{""left"":4253,""right"":3245,""top"":4689,""bottom"":4030},""time"":1734250844618},{""box"":{""left"":4253,""right"":3245,""top"":4689,""bottom"":4030},""time"":1734250845314},{""box"":{""left"":4253,""right"":3245,""top"":4689,""bottom"":4030},""time"":1734250846050},{""box"":{""left"":4253,""right"":3245,""top"":4689,""bottom"":4030},""time"":1734250847011},{""box"":{""left"":4253,""right"":3245,""top"":4689,""bottom"":4030},""time"":1734250848053}",,,,,
13411,Person,2024-12-15 17:20:45,2024-12-15 17:20:52,"{""box"":{""left"":2112,""right"":2833,""top"":2406,""bottom"":3552},""time"":1734250845481},{""box"":{""left"":2112,""right"":2833,""top"":2406,""bottom"":3552},""time"":1734250847013},{""box"":{""left"":2112,""right"":2833,""top"":2406,""bottom"":3552},""time"":1734250848056},{""box"":{""left"":2112,""right"":2833,""top"":2406,""bottom"":3552},""time"":1734250849029},{""box"":{""left"":2112,""right"":2833,""top"":2406,""bottom"":3552},""time"":1734250850009},{""box"":{""left"":2112,""right"":2833,""top"":2406,""bottom"":3552},""time"":1734250851645},{""box"":{""left"":2112,""right"":2833,""top"":2406,""bottom"":3552},""time"":1734250852206}",,,,,
13412,Person,2024-12-15 17:20:47,2024-12-15 17:20:49,"{""box"":{""left"":6342,""right"":7454,""top"":7792,""bottom"":9996},""time"":1734250847299},{""box"":{""left"":6342,""right"":7454,""top"":7792,""bottom"":9996},""time"":1734250848058},{""box"":{""left"":6342,""right"":7454,""top"":7792,""bottom"":9996},""time"":1734250849031}",,,,,
13413,Person,2024-12-15 17:20:48,2024-12-15 17:20:53,"{""box"":{""left"":4539,""right"":5197,""top"":5801,""bottom"":10000},""time"":1734250848502},{""box"":{""left"":4539,""right"":5197,""top"":5801,""bottom"":10000},""time"":1734250849033},{""box"":{""left"":4539,""right"":5197,""top"":5801,""bottom"":10000},""time"":1734250850011},{""box"":{""left"":4539,""right"":5197,""top"":5801,""bottom"":10000},""time"":1734250851069},{""box"":{""left"":4539,""right"":5197,""top"":5801,""bottom"":10000},""time"":1734250852049},{""box"":{""left"":4539,""right"":5197,""top"":5801,""bottom"":10000},""time"":1734250853171}",,,,,
13414,Person,2024-12-15 17:20:49,2024-12-15 17:20:57,"{""box"":{""left"":3950,""right"":3770,""top"":4650,""bottom"":6520},""time"":1734250849658},{""box"":{""left"":3950,""right"":3770,""top"":4650,""bottom"":6520},""time"":1734250850013},{""box"":{""left"":3950,""right"":3770,""top"":4650,""bottom"":6520},""time"":1734250851072},{""box"":{""left"":3950,""right"":3770,""top"":4650,""bottom"":6520},""time"":1734250852053},{""box"":{""left"":3950,""right"":3770,""top"":4650,""bottom"":6520},""time"":1734250854014},{""box"":{""left"":3950,""right"":3770,""top"":4650,""bottom"":6520},""time"":1734250855034},{""box"":{""left"":3950,""right"":3770,""top"":4650,""bottom"":6520},""time"":1734250856062},{""box"":{""left"":3950,""right"":3770,""top"":4650,""bottom"":6520},""time"":1734250857040}",,,,,
13416,Person,2024-12-15 17:20:51,2024-12-15 17:20:55,"{""box"":{""left"":2400,""right"":2802,""top"":2718,""bottom"":3854},""time"":1734250851877},{""box"":{""left"":2400,""right"":2802,""top"":2718,""bottom"":3854},""time"":1734250853007},{""box"":{""left"":2400,""right"":2802,""top"":2718,""bottom"":3854},""time"":1734250854018},{""box"":{""left"":2400,""right"":2802,""top"":2718,""bottom"":3854},""time"":1734250855038}",,,,,
13417,Person,2024-12-15 17:20:53,2024-12-15 17:20:53,"{""box"":{""left"":6631,""right"":2297,""top"":7087,""bottom"":4120},""time"":1734250853133}",,,,,
13418,Person,2024-12-15 17:20:53,2024-12-15 17:20:55,"{""box"":{""left"":6258,""right"":2447,""top"":6645,""bottom"":4385},""time"":1734250853624},{""box"":{""left"":6258,""right"":2447,""top"":6645,""bottom"":4385},""time"":1734250854073},{""box"":{""left"":6258,""right"":2447,""top"":6645,""bottom"":4385},""time"":1734250855101}",,,,,
13419,Person,2024-12-15 17:20:54,2024-12-15 17:21:03,"{""box"":{""left"":2200,""right"":2788,""top"":2450,""bottom"":3471},""time"":1734250854250},{""box"":{""left"":2200,""right"":2788,""top"":2450,""bottom"":3471},""time"":1734250855105},{""box"":{""left"":2200,""right"":2788,""top"":2450,""bottom"":3471},""time"":1734250856010},{""box"":{""left"":2200,""right"":2788,""top"":2450,""bottom"":3471},""time"":1734250857044},{""box"":{""left"":2200,""right"":2788,""top"":2450,""bottom"":3471},""time"":1734250858005},{""box"":{""left"":2200,""right"":2788,""top"":2450,""bottom"":3471},""time"":1734250859423},{""box"":{""left"":2200,""right"":2788,""top"":2450,""bottom"":3471},""time"":1734250860671},{""box"":{""left"":2200,""right"":2788,""top"":2450,""bottom"":3471},""time"":1734250861019},{""box"":{""left"":2200,""right"":2788,""top"":2450,""bottom"":3471},""time"":1734250862028},{""box"":{""left"":2200,""right"":2788,""top"":2450,""bottom"":3471},""time"":1734250863007}",,,,,
13420,Person,2024-12-15 17:20:54,2024-12-15 17:20:55,"{""box"":{""left"":6300,""right"":2604,""top"":6631,""bottom"":4342},""time"":1734250854871},{""box"":{""left"":6300,""right"":2604,""top"":6631,""bottom"":4342},""time"":1734250855110}",,,,,
13421,Person,2024-12-15 17:20:55,2024-12-15 17:20:57,"{""box"":{""left"":987,""right"":5106,""top"":1750,""bottom"":8335},""time"":1734250855113},{""box"":{""left"":987,""right"":5106,""top"":1750,""bottom"":8335},""time"":1734250856014},{""box"":{""left"":987,""right"":5106,""top"":1750,""bottom"":8335},""time"":1734250857105}",,,,,
13422,Person,2024-12-15 17:20:55,2024-12-15 17:21:02,"{""box"":{""left"":5813,""right"":2647,""top"":6244,""bottom"":4522},""time"":1734250855616},{""box"":{""left"":5813,""right"":2647,""top"":6244,""bottom"":4522},""time"":1734250856018},{""box"":{""left"":5813,""right"":2647,""top"":6244,""bottom"":4522},""time"":1734250857000},{""box"":{""left"":5813,""right"":2647,""top"":6244,""bottom"":4522},""time"":1734250858009},{""box"":{""left"":5813,""right"":2647,""top"":6244,""bottom"":4522},""time"":1734250859039},{""box"":{""left"":5813,""right"":2647,""top"":6244,""bottom"":4522},""time"":1734250860050},{""box"":{""left"":5813,""right"":2647,""top"":6244,""bottom"":4522},""time"":1734250861022},{""box"":{""left"":5813,""right"":2647,""top"":6244,""bottom"":4522},""time"":1734250862091}",,,,,
13423,Person,2024-12-15 17:20:55,2024-12-15 17:21:00,"{""box"":{""left"":4683,""right"":2555,""top"":5227,""bottom"":4696},""time"":1734250855846},{""box"":{""left"":4683,""right"":2555,""top"":5227,""bottom"":4696},""time"":1734250856022},{""box"":{""left"":4683,""right"":2555,""top"":5227,""bottom"":4696},""time"":1734250857004},{""box"":{""left"":4683,""right"":2555,""top"":5227,""bottom"":4696},""time"":1734250858013},{""box"":{""left"":4683,""right"":2555,""top"":5227,""bottom"":4696},""time"":1734250859044},{""box"":{""left"":4683,""right"":2555,""top"":5227,""bottom"":4696},""time"":1734250860000}",,,,,
13424,Person,2024-12-15 17:20:55,2024-12-15 17:20:56,"{""box"":{""left"":6287,""right"":2538,""top"":6631,""bottom"":4304},""time"":1734250855848},{""box"":{""left"":6287,""right"":2538,""top"":6631,""bottom"":4304},""time"":1734250856026}",,,,,
13425,Person,2024-12-15 17:20:56,2024-12-15 17:21:05,"{""box"":{""left"":5954,""right"":2593,""top"":6271,""bottom"":4375},""time"":1734250856434},{""box"":{""left"":5954,""right"":2593,""top"":6271,""bottom"":4375},""time"":1734250857009},{""box"":{""left"":5954,""right"":2593,""top"":6271,""bottom"":4375},""time"":1734250858018},{""box"":{""left"":5954,""right"":2593,""top"":6271,""bottom"":4375},""time"":1734250859273},{""box"":{""left"":5954,""right"":2593,""top"":6271,""bottom"":4375},""time"":1734250860052},{""box"":{""left"":5954,""right"":2593,""top"":6271,""bottom"":4375},""time"":1734250861025},{""box"":{""left"":5954,""right"":2593,""top"":6271,""bottom"":4375},""time"":1734250862031},{""box"":{""left"":5954,""right"":2593,""top"":6271,""bottom"":4375},""time"":1734250863009},{""box"":{""left"":5954,""right"":2593,""top"":6271,""bottom"":4375},""time"":1734250864016},{""box"":{""left"":5954,""right"":2593,""top"":6271,""bottom"":4375},""time"":1734250865046}",,,,,
13426,Person,2024-12-15 17:20:57,2024-12-15 17:20:57,"{""box"":{""left"":4771,""right"":2760,""top"":4998,""bottom"":3989},""time"":1734250857687}",,,,,
13427,Person,2024-12-15 17:20:57,2024-12-15 17:21:51,"{""box"":{""left"":4331,""right"":3260,""top"":4685,""bottom"":4144},""time"":1734250857860},{""box"":{""left"":4331,""right"":3260,""top"":4685,""bottom"":4144},""time"":1734250860104},{""box"":{""left"":4331,""right"":3260,""top"":4685,""bottom"":4144},""time"":1734250861027},{""box"":{""left"":4331,""right"":3260,""top"":4685,""bottom"":4144},""time"":1734250862319},{""box"":{""left"":4331,""right"":3260,""top"":4685,""bottom"":4144},""time"":1734250863064},{""box"":{""left"":4331,""right"":3260,""top"":4685,""bottom"":4144},""time"":1734250864019},{""box"":{""left"":4331,""right"":3260,""top"":4685,""bottom"":4144},""time"":1734250865050},{""box"":{""left"":4331,""right"":3260,""top"":4685,""bottom"":4144},""time"":1734250866057},{""box"":{""left"":4331,""right"":3260,""top"":4685,""bottom"":4144},""time"":1734250867015},{""box"":{""left"":4331,""right"":3260,""top"":4685,""bottom"":4144},""time"":1734250868056},{""box"":{""left"":4331,""right"":3260,""top"":4685,""bottom"":4144},""time"":1734250869025},{""box"":{""left"":4331,""right"":3260,""top"":4685,""bottom"":4144},""time"":1734250870053},{""box"":{""left"":4331,""right"":3260,""top"":4685,""bottom"":4144},""time"":1734250871013},{""box"":{""left"":4331,""right"":3260,""top"":4685,""bottom"":4144},""time"":1734250872024},{""box"":{""left"":4331,""right"":3260,""top"":4685,""bottom"":4144},""time"":1734250873008},{""box"":{""left"":4331,""right"":3260,""top"":4685,""bottom"":4144},""time"":1734250874049},{""box"":{""left"":4331,""right"":3260,""top"":4685,""bottom"":4144},""time"":1734250875023},{""box"":{""left"":4331,""right"":3260,""top"":4685,""bottom"":4144},""time"":1734250876055},{""box"":{""left"":4331,""right"":3260,""top"":4685,""bottom"":4144},""time"":1734250877016},{""box"":{""left"":4331,""right"":3260,""top"":4685,""bottom"":4144},""time"":1734250878038},{""box"":{""left"":4331,""right"":3260,""top"":4685,""bottom"":4144},""time"":1734250879046},{""box"":{""left"":4331,""right"":3260,""top"":4685,""bottom"":4144},""time"":1734250880008},{""box"":{""left"":4331,""right"":3260,""top"":4685,""bottom"":4144},""time"":1734250881023},{""box"":{""left"":4331,""right"":3260,""top"":4685,""bottom"":4144},""time"":1734250882056},{""box"":{""left"":4331,""right"":3260,""top"":4685,""bottom"":4144},""time"":1734250883027},{""box"":{""left"":4331,""right"":3260,""top"":4685,""bottom"":4144},""time"":1734250884037},{""box"":{""left"":4331,""right"":3260,""top"":4685,""bottom"":4144},""time"":1734250885000},{""box"":{""left"":4331,""right"":3260,""top"":4685,""bottom"":4144},""time"":1734250886021},{""box"":{""left"":4331,""right"":3260,""top"":4685,""bottom"":4144},""time"":1734250887044},{""box"":{""left"":4331,""right"":3260,""top"":4685,""bottom"":4144},""time"":1734250888002},{""box"":{""left"":4331,""right"":3260,""top"":4685,""bottom"":4144},""time"":1734250889033},{""box"":{""left"":4331,""right"":3260,""top"":4685,""bottom"":4144},""time"":1734250890003},{""box"":{""left"":4331,""right"":3260,""top"":4685,""bottom"":4144},""time"":1734250891020},{""box"":{""left"":4331,""right"":3260,""top"":4685,""bottom"":4144},""time"":1734250892001},{""box"":{""left"":4331,""right"":3260,""top"":4685,""bottom"":4144},""time"":1734250893010},{""box"":{""left"":4331,""right"":3260,""top"":4685,""bottom"":4144},""time"":1734250894042},{""box"":{""left"":4331,""right"":3260,""top"":4685,""bottom"":4144},""time"":1734250895053},{""box"":{""left"":4331,""right"":3260,""top"":4685,""bottom"":4144},""time"":1734250896011},{""box"":{""left"":4331,""right"":3260,""top"":4685,""bottom"":4144},""time"":1734250897044},{""box"":{""left"":4331,""right"":3260,""top"":4685,""bottom"":4144},""time"":1734250898008},{""box"":{""left"":4331,""right"":3260,""top"":4685,""bottom"":4144},""time"":1734250899034},{""box"":{""left"":4331,""right"":3260,""top"":4685,""bottom"":4144},""time"":1734250900054},{""box"":{""left"":4331,""right"":3260,""top"":4685,""bottom"":4144},""time"":1734250901014},{""box"":{""left"":4331,""right"":3260,""top"":4685,""bottom"":4144},""time"":1734250902027},{""box"":{""left"":4331,""right"":3260,""top"":4685,""bottom"":4144},""time"":1734250903001},{""box"":{""left"":4331,""right"":3260,""top"":4685,""bottom"":4144},""time"":1734250904021},{""box"":{""left"":4331,""right"":3260,""top"":4685,""bottom"":4144},""time"":1734250905004},{""box"":{""left"":4331,""right"":3260,""top"":4685,""bottom"":4144},""time"":1734250906020},{""box"":{""left"":4331,""right"":3260,""top"":4685,""bottom"":4144},""time"":1734250907031},{""box"":{""left"":4331,""right"":3260,""top"":4685,""bottom"":4144},""time"":1734250908048},{""box"":{""left"":4331,""right"":3260,""top"":4685,""bottom"":4144},""time"":1734250909006},{""box"":{""left"":4331,""right"":3260,""top"":4685,""bottom"":4144},""time"":1734250910028},{""box"":{""left"":4331,""right"":3260,""top"":4685,""bottom"":4144},""time"":1734250911039}",,,,,
13428,Person,2024-12-15 17:20:59,2024-12-15 17:21:01,"{""box"":{""left"":4500,""right"":3156,""top"":4737,""bottom"":4104},""time"":1734250859779},{""box"":{""left"":4500,""right"":3156,""top"":4737,""bottom"":4104},""time"":1734250860167},{""box"":{""left"":4500,""right"":3156,""top"":4737,""bottom"":4104},""time"":1734250861363}",,,,,
13430,Person,2024-12-15 17:21:03,2024-12-15 17:21:08,"{""box"":{""left"":2056,""right"":2411,""top"":2256,""bottom"":3068},""time"":1734250863909},{""box"":{""left"":2056,""right"":2411,""top"":2256,""bottom"":3068},""time"":1734250864386},{""box"":{""left"":2056,""right"":2411,""top"":2256,""bottom"":3068},""time"":1734250865283},{""box"":{""left"":2056,""right"":2411,""top"":2256,""bottom"":3068},""time"":1734250866001},{""box"":{""left"":2056,""right"":2411,""top"":2256,""bottom"":3068},""time"":1734250867020},{""box"":{""left"":2056,""right"":2411,""top"":2256,""bottom"":3068},""time"":1734250868002}",,,,,
13431,Person,2024-12-15 17:21:08,2024-12-15 17:21:10,"{""box"":{""left"":5893,""right"":2645,""top"":6075,""bottom"":3583},""time"":1734250868920}",,,,,
13432,Person,2024-12-15 17:21:10,2024-12-15 17:21:13,"{""box"":{""left"":2537,""right"":3562,""top"":3112,""bottom"":5833},""time"":1734250870065},{""box"":{""left"":2537,""right"":3562,""top"":3112,""bottom"":5833},""time"":1734250871023},{""box"":{""left"":2537,""right"":3562,""top"":3112,""bottom"":5833},""time"":1734250872034},{""box"":{""left"":2537,""right"":3562,""top"":3112,""bottom"":5833},""time"":1734250873017}",,,,,
13434,Person,2024-12-15 17:21:12,2024-12-15 17:21:13,"{""box"":{""left"":1831,""right"":3083,""top"":2049,""bottom"":3739},""time"":1734250872149},{""box"":{""left"":1831,""right"":3083,""top"":2049,""bottom"":3739},""time"":1734250873072}",,,,,
13435,Person,2024-12-15 17:21:14,2024-12-15 17:21:15,"{""box"":{""left"":512,""right"":4791,""top"":1836,""bottom"":8769},""time"":1734250874576},{""box"":{""left"":512,""right"":4791,""top"":1836,""bottom"":8769},""time"":1734250875028}",,,,,
13436,Person,2024-12-15 17:21:14,2024-12-15 17:21:15,"{""box"":{""left"":1900,""right"":3072,""top"":2181,""bottom"":3697},""time"":1734250874752}",,,,,
13437,Person,2024-12-15 17:21:17,2024-12-15 17:21:17,"{""box"":{""left"":4650,""right"":2572,""top"":4831,""bottom"":3812},""time"":1734250877526}",,,,,
13438,Person,2024-12-15 17:21:18,2024-12-15 17:21:26,"{""box"":{""left"":1925,""right"":3052,""top"":2231,""bottom"":3718},""time"":1734250878043},{""box"":{""left"":1925,""right"":3052,""top"":2231,""bottom"":3718},""time"":1734250879051},{""box"":{""left"":1925,""right"":3052,""top"":2231,""bottom"":3718},""time"":1734250880012},{""box"":{""left"":1925,""right"":3052,""top"":2231,""bottom"":3718},""time"":1734250881031},{""box"":{""left"":1925,""right"":3052,""top"":2231,""bottom"":3718},""time"":1734250882002},{""box"":{""left"":1925,""right"":3052,""top"":2231,""bottom"":3718},""time"":1734250883035},{""box"":{""left"":1925,""right"":3052,""top"":2231,""bottom"":3718},""time"":1734250884042},{""box"":{""left"":1925,""right"":3052,""top"":2231,""bottom"":3718},""time"":1734250885009},{""box"":{""left"":1925,""right"":3052,""top"":2231,""bottom"":3718},""time"":1734250886031}",,,,,
13439,Person,2024-12-15 17:21:22,2024-12-15 17:21:22,"{""box"":{""left"":743,""right"":2895,""top"":937,""bottom"":3353},""time"":1734250882684}",,,,,
13440,Person,2024-12-15 17:21:28,2024-12-15 17:21:38,"{""box"":{""left"":4587,""right"":2437,""top"":4768,""bottom"":4031},""time"":1734250888182},{""box"":{""left"":4587,""right"":2437,""top"":4768,""bottom"":4031},""time"":1734250895173},{""box"":{""left"":4587,""right"":2437,""top"":4768,""bottom"":4031},""time"":1734250896070},{""box"":{""left"":4587,""right"":2437,""top"":4768,""bottom"":4031},""time"":1734250897052},{""box"":{""left"":4587,""right"":2437,""top"":4768,""bottom"":4031},""time"":1734250898081}",,,,,
13441,Person,2024-12-15 17:21:28,2024-12-15 17:21:29,"{""box"":{""left"":0,""right"":5978,""top"":1175,""bottom"":9603},""time"":1734250888296},{""box"":{""left"":0,""right"":5978,""top"":1175,""bottom"":9603},""time"":1734250889155}",,,,,
13442,Person,2024-12-15 17:21:35,2024-12-15 17:21:41,"{""box"":{""left"":1905,""right"":2728,""top"":2223,""bottom"":3665},""time"":1734250895333},{""box"":{""left"":1905,""right"":2728,""top"":2223,""bottom"":3665},""time"":1734250896019},{""box"":{""left"":1905,""right"":2728,""top"":2223,""bottom"":3665},""time"":1734250897056},{""box"":{""left"":1905,""right"":2728,""top"":2223,""bottom"":3665},""time"":1734250898017},{""box"":{""left"":1905,""right"":2728,""top"":2223,""bottom"":3665},""time"":1734250899039},{""box"":{""left"":1905,""right"":2728,""top"":2223,""bottom"":3665},""time"":1734250900001},{""box"":{""left"":1905,""right"":2728,""top"":2223,""bottom"":3665},""time"":1734250901022}",,,,,
13443,Person,2024-12-15 17:21:39,2024-12-15 17:21:39,"{""box"":{""left"":1337,""right"":8833,""top"":2262,""bottom"":10000},""time"":1734250899268}",,,,,
13444,Person,2024-12-15 17:21:41,2024-12-15 17:21:43,"{""box"":{""left"":4550,""right"":2500,""top"":4787,""bottom"":4000},""time"":1734250901362}",,,,,
13445,Person,2024-12-15 17:21:48,2024-12-15 17:22:18,"{""box"":{""left"":6312,""right"":6516,""top"":7349,""bottom"":10000},""time"":1734250908727},{""box"":{""left"":6312,""right"":6516,""top"":7349,""bottom"":10000},""time"":1734250909011},{""box"":{""left"":6312,""right"":6516,""top"":7349,""bottom"":10000},""time"":1734250910037},{""box"":{""left"":6312,""right"":6516,""top"":7349,""bottom"":10000},""time"":1734250911047},{""box"":{""left"":6312,""right"":6516,""top"":7349,""bottom"":10000},""time"":1734250912056},{""box"":{""left"":6312,""right"":6516,""top"":7349,""bottom"":10000},""time"":1734250913027},{""box"":{""left"":6312,""right"":6516,""top"":7349,""bottom"":10000},""time"":1734250914049},{""box"":{""left"":6312,""right"":6516,""top"":7349,""bottom"":10000},""time"":1734250915022},{""box"":{""left"":6312,""right"":6516,""top"":7349,""bottom"":10000},""time"":1734250916048},{""box"":{""left"":6312,""right"":6516,""top"":7349,""bottom"":10000},""time"":1734250917061},{""box"":{""left"":6312,""right"":6516,""top"":7349,""bottom"":10000},""time"":1734250918017},{""box"":{""left"":6312,""right"":6516,""top"":7349,""bottom"":10000},""time"":1734250919046},{""box"":{""left"":6312,""right"":6516,""top"":7349,""bottom"":10000},""time"":1734250920013},{""box"":{""left"":6312,""right"":6516,""top"":7349,""bottom"":10000},""time"":1734250921032},{""box"":{""left"":6312,""right"":6516,""top"":7349,""bottom"":10000},""time"":1734250922003},{""box"":{""left"":6312,""right"":6516,""top"":7349,""bottom"":10000},""time"":1734250923019},{""box"":{""left"":6312,""right"":6516,""top"":7349,""bottom"":10000},""time"":1734250924051},{""box"":{""left"":6312,""right"":6516,""top"":7349,""bottom"":10000},""time"":1734250925029},{""box"":{""left"":6312,""right"":6516,""top"":7349,""bottom"":10000},""time"":1734250926016},{""box"":{""left"":6312,""right"":6516,""top"":7349,""bottom"":10000},""time"":1734250927047},{""box"":{""left"":6312,""right"":6516,""top"":7349,""bottom"":10000},""time"":1734250928022},{""box"":{""left"":6312,""right"":6516,""top"":7349,""bottom"":10000},""time"":1734250929038},{""box"":{""left"":6312,""right"":6516,""top"":7349,""bottom"":10000},""time"":1734250930014},{""box"":{""left"":6312,""right"":6516,""top"":7349,""bottom"":10000},""time"":1734250931024},{""box"":{""left"":6312,""right"":6516,""top"":7349,""bottom"":10000},""time"":1734250932034},{""box"":{""left"":6312,""right"":6516,""top"":7349,""bottom"":10000},""time"":1734250933048},{""box"":{""left"":6312,""right"":6516,""top"":7349,""bottom"":10000},""time"":1734250934030},{""box"":{""left"":6312,""right"":6516,""top"":7349,""bottom"":10000},""time"":1734250935051},{""box"":{""left"":6312,""right"":6516,""top"":7349,""bottom"":10000},""time"":1734250936247},{""box"":{""left"":6312,""right"":6516,""top"":7349,""bottom"":10000},""time"":1734250937046},{""box"":{""left"":6312,""right"":6516,""top"":7349,""bottom"":10000},""time"":1734250938009}",,,,,
13446,Person,2024-12-15 17:21:51,2024-12-15 17:22:01,"{""box"":{""left"":4362,""right"":2583,""top"":4774,""bottom"":4041},""time"":1734250911785},{""box"":{""left"":4362,""right"":2583,""top"":4774,""bottom"":4041},""time"":1734250913032},{""box"":{""left"":4362,""right"":2583,""top"":4774,""bottom"":4041},""time"":1734250914054},{""box"":{""left"":4362,""right"":2583,""top"":4774,""bottom"":4041},""time"":1734250915028},{""box"":{""left"":4362,""right"":2583,""top"":4774,""bottom"":4041},""time"":1734250916052},{""box"":{""left"":4362,""right"":2583,""top"":4774,""bottom"":4041},""time"":1734250917000},{""box"":{""left"":4362,""right"":2583,""top"":4774,""bottom"":4041},""time"":1734250918021},{""box"":{""left"":4362,""right"":2583,""top"":4774,""bottom"":4041},""time"":1734250919003},{""box"":{""left"":4362,""right"":2583,""top"":4774,""bottom"":4041},""time"":1734250920018},{""box"":{""left"":4362,""right"":2583,""top"":4774,""bottom"":4041},""time"":1734250921040}",,,,,
13448,Person,2024-12-15 17:21:52,2024-12-15 17:22:01,"{""box"":{""left"":6626,""right"":2651,""top"":6976,""bottom"":4390},""time"":1734250912688},{""box"":{""left"":6626,""right"":2651,""top"":6976,""bottom"":4390},""time"":1734250914622},{""box"":{""left"":6626,""right"":2651,""top"":6976,""bottom"":4390},""time"":1734250915032},{""box"":{""left"":6626,""right"":2651,""top"":6976,""bottom"":4390},""time"":1734250916057},{""box"":{""left"":6626,""right"":2651,""top"":6976,""bottom"":4390},""time"":1734250917004},{""box"":{""left"":6626,""right"":2651,""top"":6976,""bottom"":4390},""time"":1734250918026},{""box"":{""left"":6626,""right"":2651,""top"":6976,""bottom"":4390},""time"":1734250919059},{""box"":{""left"":6626,""right"":2651,""top"":6976,""bottom"":4390},""time"":1734250920074},{""box"":{""left"":6626,""right"":2651,""top"":6976,""bottom"":4390},""time"":1734250921445}",,,,,
13450,Person,2024-12-15 17:21:54,2024-12-15 17:22:34,"{""box"":{""left"":6262,""right"":2536,""top"":6596,""bottom"":4384},""time"":1734250914624},{""box"":{""left"":6262,""right"":2536,""top"":6596,""bottom"":4384},""time"":1734250915037},{""box"":{""left"":6262,""right"":2536,""top"":6596,""bottom"":4384},""time"":1734250916061},{""box"":{""left"":6262,""right"":2536,""top"":6596,""bottom"":4384},""time"":1734250917073},{""box"":{""left"":6262,""right"":2536,""top"":6596,""bottom"":4384},""time"":1734250918030},{""box"":{""left"":6262,""right"":2536,""top"":6596,""bottom"":4384},""time"":1734250919007},{""box"":{""left"":6262,""right"":2536,""top"":6596,""bottom"":4384},""time"":1734250920078},{""box"":{""left"":6262,""right"":2536,""top"":6596,""bottom"":4384},""time"":1734250921044},{""box"":{""left"":6262,""right"":2536,""top"":6596,""bottom"":4384},""time"":1734250922058},{""box"":{""left"":6262,""right"":2536,""top"":6596,""bottom"":4384},""time"":1734250923027},{""box"":{""left"":6262,""right"":2536,""top"":6596,""bottom"":4384},""time"":1734250924056},{""box"":{""left"":6262,""right"":2536,""top"":6596,""bottom"":4384},""time"":1734250925037},{""box"":{""left"":6262,""right"":2536,""top"":6596,""bottom"":4384},""time"":1734250926077},{""box"":{""left"":6262,""right"":2536,""top"":6596,""bottom"":4384},""time"":1734250927058},{""box"":{""left"":6262,""right"":2536,""top"":6596,""bottom"":4384},""time"":1734250928018},{""box"":{""left"":6262,""right"":2536,""top"":6596,""bottom"":4384},""time"":1734250929050},{""box"":{""left"":6262,""right"":2536,""top"":6596,""bottom"":4384},""time"":1734250930009},{""box"":{""left"":6262,""right"":2536,""top"":6596,""bottom"":4384},""time"":1734250931032},{""box"":{""left"":6262,""right"":2536,""top"":6596,""bottom"":4384},""time"":1734250932214},{""box"":{""left"":6262,""right"":2536,""top"":6596,""bottom"":4384},""time"":1734250933043},{""box"":{""left"":6262,""right"":2536,""top"":6596,""bottom"":4384},""time"":1734250934039},{""box"":{""left"":6262,""right"":2536,""top"":6596,""bottom"":4384},""time"":1734250935046},{""box"":{""left"":6262,""right"":2536,""top"":6596,""bottom"":4384},""time"":1734250936022},{""box"":{""left"":6262,""right"":2536,""top"":6596,""bottom"":4384},""time"":1734250937055},{""box"":{""left"":6262,""right"":2536,""top"":6596,""bottom"":4384},""time"":1734250938070},{""box"":{""left"":6262,""right"":2536,""top"":6596,""bottom"":4384},""time"":1734250939034},{""box"":{""left"":6262,""right"":2536,""top"":6596,""bottom"":4384},""time"":1734250940005},{""box"":{""left"":6262,""right"":2536,""top"":6596,""bottom"":4384},""time"":1734250941045},{""box"":{""left"":6262,""right"":2536,""top"":6596,""bottom"":4384},""time"":1734250942011},{""box"":{""left"":6262,""right"":2536,""top"":6596,""bottom"":4384},""time"":1734250943024},{""box"":{""left"":6262,""right"":2536,""top"":6596,""bottom"":4384},""time"":1734250944034},{""box"":{""left"":6262,""right"":2536,""top"":6596,""bottom"":4384},""time"":1734250945006},{""box"":{""left"":6262,""right"":2536,""top"":6596,""bottom"":4384},""time"":1734250946026},{""box"":{""left"":6262,""right"":2536,""top"":6596,""bottom"":4384},""time"":1734250947003},{""box"":{""left"":6262,""right"":2536,""top"":6596,""bottom"":4384},""time"":1734250948035},{""box"":{""left"":6262,""right"":2536,""top"":6596,""bottom"":4384},""time"":1734250949052},{""box"":{""left"":6262,""right"":2536,""top"":6596,""bottom"":4384},""time"":1734250950017},{""box"":{""left"":6262,""right"":2536,""top"":6596,""bottom"":4384},""time"":1734250951035},{""box"":{""left"":6262,""right"":2536,""top"":6596,""bottom"":4384},""time"":1734250952002},{""box"":{""left"":6262,""right"":2536,""top"":6596,""bottom"":4384},""time"":1734250953010},{""box"":{""left"":6262,""right"":2536,""top"":6596,""bottom"":4384},""time"":1734250954038}",,,,,
13451,Person,2024-12-15 17:21:57,2024-12-15 17:21:57,"{""box"":{""left"":6306,""right"":2447,""top"":6631,""bottom"":3593},""time"":1734250917076}",,,,,
13452,Person,2024-12-15 17:21:59,2024-12-15 17:22:00,"{""box"":{""left"":6350,""right"":2572,""top"":6556,""bottom"":3510},""time"":1734250919515}",,,,,
13453,Person,2024-12-15 17:22:00,2024-12-15 17:22:00,"{""box"":{""left"":5085,""right"":2653,""top"":5373,""bottom"":4407},""time"":1734250920480}",,,,,
13454,Person,2024-12-15 17:22:01,2024-12-15 17:22:03,"{""box"":{""left"":5400,""right"":2728,""top"":5836,""bottom"":4728},""time"":1734250921836},{""box"":{""left"":5400,""right"":2728,""top"":5836,""bottom"":4728},""time"":1734250923708}",,,,,
13455,Person,2024-12-15 17:22:02,2024-12-15 17:22:03,"{""box"":{""left"":1900,""right"":3041,""top"":2175,""bottom"":3738},""time"":1734250922194},{""box"":{""left"":1900,""right"":3041,""top"":2175,""bottom"":3738},""time"":1734250923031}",,,,,
13456,Person,2024-12-15 17:22:03,2024-12-15 17:22:08,"{""box"":{""left"":6175,""right"":7625,""top"":7612,""bottom"":9979},""time"":1734250923369},{""box"":{""left"":6175,""right"":7625,""top"":7612,""bottom"":9979},""time"":1734250924117},{""box"":{""left"":6175,""right"":7625,""top"":7612,""bottom"":9979},""time"":1734250925041},{""box"":{""left"":6175,""right"":7625,""top"":7612,""bottom"":9979},""time"":1734250926024},{""box"":{""left"":6175,""right"":7625,""top"":7612,""bottom"":9979},""time"":1734250927063},{""box"":{""left"":6175,""right"":7625,""top"":7612,""bottom"":9979},""time"":1734250928030}",,,,,
13457,Person,2024-12-15 17:22:03,2024-12-15 17:22:07,"{""box"":{""left"":5412,""right"":2760,""top"":5787,""bottom"":4593},""time"":1734250923995},{""box"":{""left"":5412,""right"":2760,""top"":5787,""bottom"":4593},""time"":1734250926028},{""box"":{""left"":5412,""right"":2760,""top"":5787,""bottom"":4593},""time"":1734250927068}",,,,,
13458,Person,2024-12-15 17:22:09,2024-12-15 17:22:10,"{""box"":{""left"":5705,""right"":2583,""top"":6130,""bottom"":3322},""time"":1734250929211},{""box"":{""left"":5705,""right"":2583,""top"":6130,""bottom"":3322},""time"":1734250930022}",,,,,
13459,Person,2024-12-15 17:22:10,2024-12-15 17:22:20,"{""box"":{""left"":1737,""right"":2333,""top"":1924,""bottom"":3312},""time"":1734250930405},{""box"":{""left"":1737,""right"":2333,""top"":1924,""bottom"":3312},""time"":1734250932044},{""box"":{""left"":1737,""right"":2333,""top"":1924,""bottom"":3312},""time"":1734250933056},{""box"":{""left"":1737,""right"":2333,""top"":1924,""bottom"":3312},""time"":1734250934044},{""box"":{""left"":1737,""right"":2333,""top"":1924,""bottom"":3312},""time"":1734250935060},{""box"":{""left"":1737,""right"":2333,""top"":1924,""bottom"":3312},""time"":1734250938075},{""box"":{""left"":1737,""right"":2333,""top"":1924,""bottom"":3312},""time"":1734250939042},{""box"":{""left"":1737,""right"":2333,""top"":1924,""bottom"":3312},""time"":1734250940010}",,,,,
13460,Person,2024-12-15 17:22:11,2024-12-15 17:22:12,"{""box"":{""left"":6850,""right"":2000,""top"":7062,""bottom"":3177},""time"":1734250931816}",,,,,
13461,Person,2024-12-15 17:22:11,2024-12-15 17:22:11,"{""box"":{""left"":6343,""right"":2541,""top"":6625,""bottom"":3687},""time"":1734250931819}",,,,,
13462,Person,2024-12-15 17:22:15,2024-12-15 17:22:20,"{""box"":{""left"":5893,""right"":2520,""top"":6181,""bottom"":4082},""time"":1734250935469},{""box"":{""left"":5893,""right"":2520,""top"":6181,""bottom"":4082},""time"":1734250938141},{""box"":{""left"":5893,""right"":2520,""top"":6181,""bottom"":4082},""time"":1734250940254}",,,,,
13463,Person,2024-12-15 17:22:19,2024-12-15 17:22:25,"{""box"":{""left"":1831,""right"":2500,""top"":2037,""bottom"":3447},""time"":1734250939571},{""box"":{""left"":1831,""right"":2500,""top"":2037,""bottom"":3447},""time"":1734250941054},{""box"":{""left"":1831,""right"":2500,""top"":2037,""bottom"":3447},""time"":1734250942020},{""box"":{""left"":1831,""right"":2500,""top"":2037,""bottom"":3447},""time"":1734250943034},{""box"":{""left"":1831,""right"":2500,""top"":2037,""bottom"":3447},""time"":1734250944043},{""box"":{""left"":1831,""right"":2500,""top"":2037,""bottom"":3447},""time"":1734250945010}",,,,,
13465,Person,2024-12-15 17:22:21,2024-12-15 17:22:27,"{""box"":{""left"":2400,""right"":2958,""top"":2912,""bottom"":5229},""time"":1734250941107},{""box"":{""left"":2400,""right"":2958,""top"":2912,""bottom"":5229},""time"":1734250942024},{""box"":{""left"":2400,""right"":2958,""top"":2912,""bottom"":5229},""time"":1734250943039},{""box"":{""left"":2400,""right"":2958,""top"":2912,""bottom"":5229},""time"":1734250944047},{""box"":{""left"":2400,""right"":2958,""top"":2912,""bottom"":5229},""time"":1734250945071},{""box"":{""left"":2400,""right"":2958,""top"":2912,""bottom"":5229},""time"":1734250946031},{""box"":{""left"":2400,""right"":2958,""top"":2912,""bottom"":5229},""time"":1734250947009}",,,,,
13466,Person,2024-12-15 17:22:27,2024-12-15 17:22:28,"{""box"":{""left"":520,""right"":4979,""top"":1545,""bottom"":8295},""time"":1734250947926},{""box"":{""left"":520,""right"":4979,""top"":1545,""bottom"":8295},""time"":1734250948041}",,,,,
13467,Person,2024-12-15 17:22:36,2024-12-15 17:22:42,"{""box"":{""left"":6250,""right"":2458,""top"":6625,""bottom"":4062},""time"":1734250956173},{""box"":{""left"":6250,""right"":2458,""top"":6625,""bottom"":4062},""time"":1734250957143},{""box"":{""left"":6250,""right"":2458,""top"":6625,""bottom"":4062},""time"":1734250958033},{""box"":{""left"":6250,""right"":2458,""top"":6625,""bottom"":4062},""time"":1734250959044},{""box"":{""left"":6250,""right"":2458,""top"":6625,""bottom"":4062},""time"":1734250960012},{""box"":{""left"":6250,""right"":2458,""top"":6625,""bottom"":4062},""time"":1734250961048},{""box"":{""left"":6250,""right"":2458,""top"":6625,""bottom"":4062},""time"":1734250962035}",,,,,
13469,Person,2024-12-15 17:22:43,2024-12-15 17:22:52,"{""box"":{""left"":5393,""right"":2468,""top"":5568,""bottom"":3479},""time"":1734250963263},{""box"":{""left"":5393,""right"":2468,""top"":5568,""bottom"":3479},""time"":1734250965012},{""box"":{""left"":5393,""right"":2468,""top"":5568,""bottom"":3479},""time"":1734250966022},{""box"":{""left"":5393,""right"":2468,""top"":5568,""bottom"":3479},""time"":1734250967040},{""box"":{""left"":5393,""right"":2468,""top"":5568,""bottom"":3479},""time"":1734250968059},{""box"":{""left"":5393,""right"":2468,""top"":5568,""bottom"":3479},""time"":1734250969027},{""box"":{""left"":5393,""right"":2468,""top"":5568,""bottom"":3479},""time"":1734250970035},{""box"":{""left"":5393,""right"":2468,""top"":5568,""bottom"":3479},""time"":1734250971049},{""box"":{""left"":5393,""right"":2468,""top"":5568,""bottom"":3479},""time"":1734250972006}",,,,,
13470,Person,2024-12-15 17:22:54,2024-12-15 17:23:05,"{""box"":{""left"":6612,""right"":7853,""top"":8550,""bottom"":9999},""time"":1734250974724},{""box"":{""left"":6612,""right"":7853,""top"":8550,""bottom"":9999},""time"":1734250975011},{""box"":{""left"":6612,""right"":7853,""top"":8550,""bottom"":9999},""time"":1734250976029},{""box"":{""left"":6612,""right"":7853,""top"":8550,""bottom"":9999},""time"":1734250977047},{""box"":{""left"":6612,""right"":7853,""top"":8550,""bottom"":9999},""time"":1734250978008},{""box"":{""left"":6612,""right"":7853,""top"":8550,""bottom"":9999},""time"":1734250979035},{""box"":{""left"":6612,""right"":7853,""top"":8550,""bottom"":9999},""time"":1734250980002},{""box"":{""left"":6612,""right"":7853,""top"":8550,""bottom"":9999},""time"":1734250981016},{""box"":{""left"":6612,""right"":7853,""top"":8550,""bottom"":9999},""time"":1734250982052},{""box"":{""left"":6612,""right"":7853,""top"":8550,""bottom"":9999},""time"":1734250983062},{""box"":{""left"":6612,""right"":7853,""top"":8550,""bottom"":9999},""time"":1734250985087}",,,,,
13471,Person,2024-12-15 17:22:55,2024-12-15 17:22:57,"{""box"":{""left"":4050,""right"":8687,""top"":5212,""bottom"":10000},""time"":1734250975349},{""box"":{""left"":4050,""right"":8687,""top"":5212,""bottom"":10000},""time"":1734250976035},{""box"":{""left"":4050,""right"":8687,""top"":5212,""bottom"":10000},""time"":1734250977050}",,,,,
13472,Person,2024-12-15 17:22:58,2024-12-15 17:22:59,"{""box"":{""left"":5281,""right"":2052,""top"":5575,""bottom"":3394},""time"":1734250978814}",,,,,
13473,Person,2024-12-15 17:23:00,2024-12-15 17:23:03,"{""box"":{""left"":2000,""right"":3052,""top"":2293,""bottom"":3645},""time"":1734250980177},{""box"":{""left"":2000,""right"":3052,""top"":2293,""bottom"":3645},""time"":1734250981019},{""box"":{""left"":2000,""right"":3052,""top"":2293,""bottom"":3645},""time"":1734250982057},{""box"":{""left"":2000,""right"":3052,""top"":2293,""bottom"":3645},""time"":1734250983177}",,,,,
13474,Person,2024-12-15 17:23:01,2024-12-15 17:23:03,"{""box"":{""left"":6243,""right"":2270,""top"":6549,""bottom"":3832},""time"":1734250981021},{""box"":{""left"":6243,""right"":2270,""top"":6549,""bottom"":3832},""time"":1734250982336},{""box"":{""left"":6243,""right"":2270,""top"":6549,""bottom"":3832},""time"":1734250983003}",,,,,
13475,Person,2024-12-15 17:23:05,2024-12-15 17:23:15,"{""box"":{""left"":4600,""right"":7208,""top"":6237,""bottom"":9999},""time"":1734250985091},{""box"":{""left"":4600,""right"":7208,""top"":6237,""bottom"":9999},""time"":1734250986051},{""box"":{""left"":4600,""right"":7208,""top"":6237,""bottom"":9999},""time"":1734250987005},{""box"":{""left"":4600,""right"":7208,""top"":6237,""bottom"":9999},""time"":1734250988025},{""box"":{""left"":4600,""right"":7208,""top"":6237,""bottom"":9999},""time"":1734250989784},{""box"":{""left"":4600,""right"":7208,""top"":6237,""bottom"":9999},""time"":1734250990283},{""box"":{""left"":4600,""right"":7208,""top"":6237,""bottom"":9999},""time"":1734250991080},{""box"":{""left"":4600,""right"":7208,""top"":6237,""bottom"":9999},""time"":1734250992049},{""box"":{""left"":4600,""right"":7208,""top"":6237,""bottom"":9999},""time"":1734250993015},{""box"":{""left"":4600,""right"":7208,""top"":6237,""bottom"":9999},""time"":1734250994026},{""box"":{""left"":4600,""right"":7208,""top"":6237,""bottom"":9999},""time"":1734250995043}",,,,,
13476,Person,2024-12-15 17:23:06,2024-12-15 17:23:07,"{""box"":{""left"":5317,""right"":2114,""top"":5511,""bottom"":3394},""time"":1734250986054}",,,,,
13477,Person,2024-12-15 17:23:07,2024-12-15 17:23:10,"{""box"":{""left"":1887,""right"":2705,""top"":2231,""bottom"":3659},""time"":1734250987178},{""box"":{""left"":1887,""right"":2705,""top"":2231,""bottom"":3659},""time"":1734250988091},{""box"":{""left"":1887,""right"":2705,""top"":2231,""bottom"":3659},""time"":1734250989002},{""box"":{""left"":1887,""right"":2705,""top"":2231,""bottom"":3659},""time"":1734250990009}",,,,,
13478,Person,2024-12-15 17:23:08,2024-12-15 17:23:13,"{""box"":{""left"":5462,""right"":6250,""top"":6625,""bottom"":10000},""time"":1734250988260},{""box"":{""left"":5462,""right"":6250,""top"":6625,""bottom"":10000},""time"":1734250989008},{""box"":{""left"":5462,""right"":6250,""top"":6625,""bottom"":10000},""time"":1734250990014},{""box"":{""left"":5462,""right"":6250,""top"":6625,""bottom"":10000},""time"":1734250991018},{""box"":{""left"":5462,""right"":6250,""top"":6625,""bottom"":10000},""time"":1734250992054},{""box"":{""left"":5462,""right"":6250,""top"":6625,""bottom"":10000},""time"":1734250993021}",,,,,
13479,Person,2024-12-15 17:23:15,2024-12-15 17:23:15,"{""box"":{""left"":5299,""right"":2093,""top"":5525,""bottom"":3416},""time"":1734250995208}",,,,,
13480,Person,2024-12-15 17:23:15,2024-12-15 17:23:21,"{""box"":{""left"":6136,""right"":7000,""top"":7673,""bottom"":9979},""time"":1734250995330},{""box"":{""left"":6136,""right"":7000,""top"":7673,""bottom"":9979},""time"":1734250996009},{""box"":{""left"":6136,""right"":7000,""top"":7673,""bottom"":9979},""time"":1734250997026},{""box"":{""left"":6136,""right"":7000,""top"":7673,""bottom"":9979},""time"":1734250998003},{""box"":{""left"":6136,""right"":7000,""top"":7673,""bottom"":9979},""time"":1734250999011},{""box"":{""left"":6136,""right"":7000,""top"":7673,""bottom"":9979},""time"":1734251000028},{""box"":{""left"":6136,""right"":7000,""top"":7673,""bottom"":9979},""time"":1734251001048}",,,,,
13481,Person,2024-12-15 17:23:19,2024-12-15 17:23:26,"{""box"":{""left"":6000,""right"":7625,""top"":7386,""bottom"":10000},""time"":1734250999189},{""box"":{""left"":6000,""right"":7625,""top"":7386,""bottom"":10000},""time"":1734251000034},{""box"":{""left"":6000,""right"":7625,""top"":7386,""bottom"":10000},""time"":1734251001054},{""box"":{""left"":6000,""right"":7625,""top"":7386,""bottom"":10000},""time"":1734251002010},{""box"":{""left"":6000,""right"":7625,""top"":7386,""bottom"":10000},""time"":1734251003030},{""box"":{""left"":6000,""right"":7625,""top"":7386,""bottom"":10000},""time"":1734251004046},{""box"":{""left"":6000,""right"":7625,""top"":7386,""bottom"":10000},""time"":1734251005053},{""box"":{""left"":6000,""right"":7625,""top"":7386,""bottom"":10000},""time"":1734251006022}",,,,,
13482,Person,2024-12-15 17:23:23,2024-12-15 17:23:46,"{""box"":{""left"":1743,""right"":2395,""top"":1862,""bottom"":3229},""time"":1734251003938},{""box"":{""left"":1743,""right"":2395,""top"":1862,""bottom"":3229},""time"":1734251008042},{""box"":{""left"":1743,""right"":2395,""top"":1862,""bottom"":3229},""time"":1734251011021},{""box"":{""left"":1743,""right"":2395,""top"":1862,""bottom"":3229},""time"":1734251012541},{""box"":{""left"":1743,""right"":2395,""top"":1862,""bottom"":3229},""time"":1734251013051},{""box"":{""left"":1743,""right"":2395,""top"":1862,""bottom"":3229},""time"":1734251014012},{""box"":{""left"":1743,""right"":2395,""top"":1862,""bottom"":3229},""time"":1734251015030},{""box"":{""left"":1743,""right"":2395,""top"":1862,""bottom"":3229},""time"":1734251016001},{""box"":{""left"":1743,""right"":2395,""top"":1862,""bottom"":3229},""time"":1734251017028},{""box"":{""left"":1743,""right"":2395,""top"":1862,""bottom"":3229},""time"":1734251018045},{""box"":{""left"":1743,""right"":2395,""top"":1862,""bottom"":3229},""time"":1734251019030},{""box"":{""left"":1743,""right"":2395,""top"":1862,""bottom"":3229},""time"":1734251020007},{""box"":{""left"":1743,""right"":2395,""top"":1862,""bottom"":3229},""time"":1734251021014},{""box"":{""left"":1743,""right"":2395,""top"":1862,""bottom"":3229},""time"":1734251022005},{""box"":{""left"":1743,""right"":2395,""top"":1862,""bottom"":3229},""time"":1734251023044},{""box"":{""left"":1743,""right"":2395,""top"":1862,""bottom"":3229},""time"":1734251024031},{""box"":{""left"":1743,""right"":2395,""top"":1862,""bottom"":3229},""time"":1734251025041},{""box"":{""left"":1743,""right"":2395,""top"":1862,""bottom"":3229},""time"":1734251026012}",,,,,
13483,Person,2024-12-15 17:23:27,2024-12-15 17:23:28,"{""box"":{""left"":6850,""right"":2875,""top"":7174,""bottom"":3979},""time"":1734251007821}",,,,,
13484,Person,2024-12-15 17:23:30,2024-12-15 17:23:31,"{""box"":{""left"":5312,""right"":1967,""top"":5493,""bottom"":3353},""time"":1734251010573}",,,,,
13485,Person,2024-12-15 17:23:31,2024-12-15 17:23:43,"{""box"":{""left"":6668,""right"":2687,""top"":7005,""bottom"":4583},""time"":1734251011366},{""box"":{""left"":6668,""right"":2687,""top"":7005,""bottom"":4583},""time"":1734251012030},{""box"":{""left"":6668,""right"":2687,""top"":7005,""bottom"":4583},""time"":1734251013057},{""box"":{""left"":6668,""right"":2687,""top"":7005,""bottom"":4583},""time"":1734251014020},{""box"":{""left"":6668,""right"":2687,""top"":7005,""bottom"":4583},""time"":1734251015034},{""box"":{""left"":6668,""right"":2687,""top"":7005,""bottom"":4583},""time"":1734251016009},{""box"":{""left"":6668,""right"":2687,""top"":7005,""bottom"":4583},""time"":1734251017032},{""box"":{""left"":6668,""right"":2687,""top"":7005,""bottom"":4583},""time"":1734251018002},{""box"":{""left"":6668,""right"":2687,""top"":7005,""bottom"":4583},""time"":1734251019036},{""box"":{""left"":6668,""right"":2687,""top"":7005,""bottom"":4583},""time"":1734251020012},{""box"":{""left"":6668,""right"":2687,""top"":7005,""bottom"":4583},""time"":1734251021019},{""box"":{""left"":6668,""right"":2687,""top"":7005,""bottom"":4583},""time"":1734251022296},{""box"":{""left"":6668,""right"":2687,""top"":7005,""bottom"":4583},""time"":1734251023049}",,,,,
13486,Person,2024-12-15 17:23:31,2024-12-15 17:23:40,"{""box"":{""left"":7137,""right"":7708,""top"":8337,""bottom"":10000},""time"":1734251011858},{""box"":{""left"":7137,""right"":7708,""top"":8337,""bottom"":10000},""time"":1734251012034},{""box"":{""left"":7137,""right"":7708,""top"":8337,""bottom"":10000},""time"":1734251013173},{""box"":{""left"":7137,""right"":7708,""top"":8337,""bottom"":10000},""time"":1734251014025},{""box"":{""left"":7137,""right"":7708,""top"":8337,""bottom"":10000},""time"":1734251015037},{""box"":{""left"":7137,""right"":7708,""top"":8337,""bottom"":10000},""time"":1734251016013},{""box"":{""left"":7137,""right"":7708,""top"":8337,""bottom"":10000},""time"":1734251017036},{""box"":{""left"":7137,""right"":7708,""top"":8337,""bottom"":10000},""time"":1734251018005},{""box"":{""left"":7137,""right"":7708,""top"":8337,""bottom"":10000},""time"":1734251019038},{""box"":{""left"":7137,""right"":7708,""top"":8337,""bottom"":10000},""time"":1734251020067}",,,,,
13487,Person,2024-12-15 17:23:32,2024-12-15 17:23:43,"{""box"":{""left"":1837,""right"":2953,""top"":2012,""bottom"":3734},""time"":1734251012437},{""box"":{""left"":1837,""right"":2953,""top"":2012,""bottom"":3734},""time"":1734251013177},{""box"":{""left"":1837,""right"":2953,""top"":2012,""bottom"":3734},""time"":1734251014029},{""box"":{""left"":1837,""right"":2953,""top"":2012,""bottom"":3734},""time"":1734251015041},{""box"":{""left"":1837,""right"":2953,""top"":2012,""bottom"":3734},""time"":1734251016076},{""box"":{""left"":1837,""right"":2953,""top"":2012,""bottom"":3734},""time"":1734251017040},{""box"":{""left"":1837,""right"":2953,""top"":2012,""bottom"":3734},""time"":1734251018009},{""box"":{""left"":1837,""right"":2953,""top"":2012,""bottom"":3734},""time"":1734251019101},{""box"":{""left"":1837,""right"":2953,""top"":2012,""bottom"":3734},""time"":1734251020014},{""box"":{""left"":1837,""right"":2953,""top"":2012,""bottom"":3734},""time"":1734251021021},{""box"":{""left"":1837,""right"":2953,""top"":2012,""bottom"":3734},""time"":1734251022303},{""box"":{""left"":1837,""right"":2953,""top"":2012,""bottom"":3734},""time"":1734251023102}",,,,,
13488,Person,2024-12-15 17:23:34,2024-12-15 17:23:34,"{""box"":{""left"":2068,""right"":2781,""top"":2256,""bottom"":3583},""time"":1734251014819}",,,,,
13489,Person,2024-12-15 17:23:37,2024-12-15 17:24:03,"{""box"":{""left"":6765,""right"":8370,""top"":8134,""bottom"":10000},""time"":1734251017043},{""box"":{""left"":6765,""right"":8370,""top"":8134,""bottom"":10000},""time"":1734251018013},{""box"":{""left"":6765,""right"":8370,""top"":8134,""bottom"":10000},""time"":1734251019040},{""box"":{""left"":6765,""right"":8370,""top"":8134,""bottom"":10000},""time"":1734251020016},{""box"":{""left"":6765,""right"":8370,""top"":8134,""bottom"":10000},""time"":1734251021023},{""box"":{""left"":6765,""right"":8370,""top"":8134,""bottom"":10000},""time"":1734251022305},{""box"":{""left"":6765,""right"":8370,""top"":8134,""bottom"":10000},""time"":1734251023061},{""box"":{""left"":6765,""right"":8370,""top"":8134,""bottom"":10000},""time"":1734251024084},{""box"":{""left"":6765,""right"":8370,""top"":8134,""bottom"":10000},""time"":1734251025043},{""box"":{""left"":6765,""right"":8370,""top"":8134,""bottom"":10000},""time"":1734251026014},{""box"":{""left"":6765,""right"":8370,""top"":8134,""bottom"":10000},""time"":1734251027033},{""box"":{""left"":6765,""right"":8370,""top"":8134,""bottom"":10000},""time"":1734251028001},{""box"":{""left"":6765,""right"":8370,""top"":8134,""bottom"":10000},""time"":1734251029024},{""box"":{""left"":6765,""right"":8370,""top"":8134,""bottom"":10000},""time"":1734251030053},{""box"":{""left"":6765,""right"":8370,""top"":8134,""bottom"":10000},""time"":1734251031139},{""box"":{""left"":6765,""right"":8370,""top"":8134,""bottom"":10000},""time"":1734251032001},{""box"":{""left"":6765,""right"":8370,""top"":8134,""bottom"":10000},""time"":1734251033025},{""box"":{""left"":6765,""right"":8370,""top"":8134,""bottom"":10000},""time"":1734251034119},{""box"":{""left"":6765,""right"":8370,""top"":8134,""bottom"":10000},""time"":1734251035191},{""box"":{""left"":6765,""right"":8370,""top"":8134,""bottom"":10000},""time"":1734251036055},{""box"":{""left"":6765,""right"":8370,""top"":8134,""bottom"":10000},""time"":1734251037024},{""box"":{""left"":6765,""right"":8370,""top"":8134,""bottom"":10000},""time"":1734251038171},{""box"":{""left"":6765,""right"":8370,""top"":8134,""bottom"":10000},""time"":1734251039845},{""box"":{""left"":6765,""right"":8370,""top"":8134,""bottom"":10000},""time"":1734251040009},{""box"":{""left"":6765,""right"":8370,""top"":8134,""bottom"":10000},""time"":1734251041042},{""box"":{""left"":6765,""right"":8370,""top"":8134,""bottom"":10000},""time"":1734251042016},{""box"":{""left"":6765,""right"":8370,""top"":8134,""bottom"":10000},""time"":1734251043047}",,,,,
13490,Person,2024-12-15 17:23:37,2024-12-15 17:23:40,"{""box"":{""left"":4484,""right"":7899,""top"":6134,""bottom"":10000},""time"":1734251017673},{""box"":{""left"":4484,""right"":7899,""top"":6134,""bottom"":10000},""time"":1734251018017},{""box"":{""left"":4484,""right"":7899,""top"":6134,""bottom"":10000},""time"":1734251019042},{""box"":{""left"":4484,""right"":7899,""top"":6134,""bottom"":10000},""time"":1734251020019}",,,,,
13491,Person,2024-12-15 17:23:38,2024-12-15 17:23:40,"{""box"":{""left"":1775,""right"":2746,""top"":2025,""bottom"":3752},""time"":1734251018470}",,,,,
13492,Person,2024-12-15 17:23:39,2024-12-15 17:23:53,"{""box"":{""left"":2387,""right"":2552,""top"":2775,""bottom"":4061},""time"":1734251019326},{""box"":{""left"":2387,""right"":2552,""top"":2775,""bottom"":4061},""time"":1734251020024},{""box"":{""left"":2387,""right"":2552,""top"":2775,""bottom"":4061},""time"":1734251021025},{""box"":{""left"":2387,""right"":2552,""top"":2775,""bottom"":4061},""time"":1734251022307},{""box"":{""left"":2387,""right"":2552,""top"":2775,""bottom"":4061},""time"":1734251023066},{""box"":{""left"":2387,""right"":2552,""top"":2775,""bottom"":4061},""time"":1734251024086},{""box"":{""left"":2387,""right"":2552,""top"":2775,""bottom"":4061},""time"":1734251025046},{""box"":{""left"":2387,""right"":2552,""top"":2775,""bottom"":4061},""time"":1734251026067},{""box"":{""left"":2387,""right"":2552,""top"":2775,""bottom"":4061},""time"":1734251027036},{""box"":{""left"":2387,""right"":2552,""top"":2775,""bottom"":4061},""time"":1734251028004},{""box"":{""left"":2387,""right"":2552,""top"":2775,""bottom"":4061},""time"":1734251029031},{""box"":{""left"":2387,""right"":2552,""top"":2775,""bottom"":4061},""time"":1734251030002},{""box"":{""left"":2387,""right"":2552,""top"":2775,""bottom"":4061},""time"":1734251031076},{""box"":{""left"":2387,""right"":2552,""top"":2775,""bottom"":4061},""time"":1734251032061},{""box"":{""left"":2387,""right"":2552,""top"":2775,""bottom"":4061},""time"":1734251033030}",,,,,
13493,Person,2024-12-15 17:23:39,2024-12-15 17:23:40,"{""box"":{""left"":862,""right"":4625,""top"":1737,""bottom"":8312},""time"":1734251019381},{""box"":{""left"":862,""right"":4625,""top"":1737,""bottom"":8312},""time"":1734251020026}",,,,,
13494,Person,2024-12-15 17:23:41,2024-12-15 17:23:47,"{""box"":{""left"":3625,""right"":4500,""top"":4099,""bottom"":6125},""time"":1734251021148},{""box"":{""left"":3625,""right"":4500,""top"":4099,""bottom"":6125},""time"":1734251022309},{""box"":{""left"":3625,""right"":4500,""top"":4099,""bottom"":6125},""time"":1734251023070},{""box"":{""left"":3625,""right"":4500,""top"":4099,""bottom"":6125},""time"":1734251024088},{""box"":{""left"":3625,""right"":4500,""top"":4099,""bottom"":6125},""time"":1734251025048},{""box"":{""left"":3625,""right"":4500,""top"":4099,""bottom"":6125},""time"":1734251026181},{""box"":{""left"":3625,""right"":4500,""top"":4099,""bottom"":6125},""time"":1734251027038}",,,,,
13495,Person,2024-12-15 17:23:43,2024-12-15 17:23:44,"{""box"":{""left"":2916,""right"":4766,""top"":3767,""bottom"":8097},""time"":1734251023072},{""box"":{""left"":2916,""right"":4766,""top"":3767,""bottom"":8097},""time"":1734251024091}",,,,,
13496,Person,2024-12-15 17:23:44,2024-12-15 17:24:11,"{""box"":{""left"":4393,""right"":2750,""top"":4637,""bottom"":3760},""time"":1734251024380},{""box"":{""left"":4393,""right"":2750,""top"":4637,""bottom"":3760},""time"":1734251025050},{""box"":{""left"":4393,""right"":2750,""top"":4637,""bottom"":3760},""time"":1734251026130},{""box"":{""left"":4393,""right"":2750,""top"":4637,""bottom"":3760},""time"":1734251027041},{""box"":{""left"":4393,""right"":2750,""top"":4637,""bottom"":3760},""time"":1734251028238},{""box"":{""left"":4393,""right"":2750,""top"":4637,""bottom"":3760},""time"":1734251029034},{""box"":{""left"":4393,""right"":2750,""top"":4637,""bottom"":3760},""time"":1734251030007},{""box"":{""left"":4393,""right"":2750,""top"":4637,""bottom"":3760},""time"":1734251031025},{""box"":{""left"":4393,""right"":2750,""top"":4637,""bottom"":3760},""time"":1734251032003},{""box"":{""left"":4393,""right"":2750,""top"":4637,""bottom"":3760},""time"":1734251033033},{""box"":{""left"":4393,""right"":2750,""top"":4637,""bottom"":3760},""time"":1734251034058},{""box"":{""left"":4393,""right"":2750,""top"":4637,""bottom"":3760},""time"":1734251035024},{""box"":{""left"":4393,""right"":2750,""top"":4637,""bottom"":3760},""time"":1734251036058},{""box"":{""left"":4393,""right"":2750,""top"":4637,""bottom"":3760},""time"":1734251037027},{""box"":{""left"":4393,""right"":2750,""top"":4637,""bottom"":3760},""time"":1734251038006},{""box"":{""left"":4393,""right"":2750,""top"":4637,""bottom"":3760},""time"":1734251039025},{""box"":{""left"":4393,""right"":2750,""top"":4637,""bottom"":3760},""time"":1734251040016},{""box"":{""left"":4393,""right"":2750,""top"":4637,""bottom"":3760},""time"":1734251041044},{""box"":{""left"":4393,""right"":2750,""top"":4637,""bottom"":3760},""time"":1734251042020},{""box"":{""left"":4393,""right"":2750,""top"":4637,""bottom"":3760},""time"":1734251043062},{""box"":{""left"":4393,""right"":2750,""top"":4637,""bottom"":3760},""time"":1734251044007},{""box"":{""left"":4393,""right"":2750,""top"":4637,""bottom"":3760},""time"":1734251045031},{""box"":{""left"":4393,""right"":2750,""top"":4637,""bottom"":3760},""time"":1734251046011},{""box"":{""left"":4393,""right"":2750,""top"":4637,""bottom"":3760},""time"":1734251047052},{""box"":{""left"":4393,""right"":2750,""top"":4637,""bottom"":3760},""time"":1734251048017},{""box"":{""left"":4393,""right"":2750,""top"":4637,""bottom"":3760},""time"":1734251049044},{""box"":{""left"":4393,""right"":2750,""top"":4637,""bottom"":3760},""time"":1734251050013},{""box"":{""left"":4393,""right"":2750,""top"":4637,""bottom"":3760},""time"":1734251051047}",,,,,
13497,Person,2024-12-15 17:23:45,2024-12-15 17:24:08,"{""box"":{""left"":1981,""right"":2935,""top"":2281,""bottom"":3619},""time"":1734251025569},{""box"":{""left"":1981,""right"":2935,""top"":2281,""bottom"":3619},""time"":1734251027043},{""box"":{""left"":1981,""right"":2935,""top"":2281,""bottom"":3619},""time"":1734251028243},{""box"":{""left"":1981,""right"":2935,""top"":2281,""bottom"":3619},""time"":1734251029038},{""box"":{""left"":1981,""right"":2935,""top"":2281,""bottom"":3619},""time"":1734251030011},{""box"":{""left"":1981,""right"":2935,""top"":2281,""bottom"":3619},""time"":1734251031199},{""box"":{""left"":1981,""right"":2935,""top"":2281,""bottom"":3619},""time"":1734251032006},{""box"":{""left"":1981,""right"":2935,""top"":2281,""bottom"":3619},""time"":1734251033036},{""box"":{""left"":1981,""right"":2935,""top"":2281,""bottom"":3619},""time"":1734251034060},{""box"":{""left"":1981,""right"":2935,""top"":2281,""bottom"":3619},""time"":1734251035029},{""box"":{""left"":1981,""right"":2935,""top"":2281,""bottom"":3619},""time"":1734251036180},{""box"":{""left"":1981,""right"":2935,""top"":2281,""bottom"":3619},""time"":1734251037021},{""box"":{""left"":1981,""right"":2935,""top"":2281,""bottom"":3619},""time"":1734251038011},{""box"":{""left"":1981,""right"":2935,""top"":2281,""bottom"":3619},""time"":1734251039030},{""box"":{""left"":1981,""right"":2935,""top"":2281,""bottom"":3619},""time"":1734251040012},{""box"":{""left"":1981,""right"":2935,""top"":2281,""bottom"":3619},""time"":1734251041039},{""box"":{""left"":1981,""right"":2935,""top"":2281,""bottom"":3619},""time"":1734251042012},{""box"":{""left"":1981,""right"":2935,""top"":2281,""bottom"":3619},""time"":1734251043051},{""box"":{""left"":1981,""right"":2935,""top"":2281,""bottom"":3619},""time"":1734251044022},{""box"":{""left"":1981,""right"":2935,""top"":2281,""bottom"":3619},""time"":1734251045094},{""box"":{""left"":1981,""right"":2935,""top"":2281,""bottom"":3619},""time"":1734251046019},{""box"":{""left"":1981,""right"":2935,""top"":2281,""bottom"":3619},""time"":1734251047060},{""box"":{""left"":1981,""right"":2935,""top"":2281,""bottom"":3619},""time"":1734251048014}",,,,,
13498,Person,2024-12-15 17:23:46,2024-12-15 17:23:53,"{""box"":{""left"":8704,""right"":4747,""top"":9162,""bottom"":6601},""time"":1734251026134},{""box"":{""left"":8704,""right"":4747,""top"":9162,""bottom"":6601},""time"":1734251028248},{""box"":{""left"":8704,""right"":4747,""top"":9162,""bottom"":6601},""time"":1734251029042},{""box"":{""left"":8704,""right"":4747,""top"":9162,""bottom"":6601},""time"":1734251030015},{""box"":{""left"":8704,""right"":4747,""top"":9162,""bottom"":6601},""time"":1734251031030},{""box"":{""left"":8704,""right"":4747,""top"":9162,""bottom"":6601},""time"":1734251032009},{""box"":{""left"":8704,""right"":4747,""top"":9162,""bottom"":6601},""time"":1734251033038}",,,,,
13499,Person,2024-12-15 17:23:50,2024-12-15 17:23:51,"{""box"":{""left"":806,""right"":2760,""top"":1031,""bottom"":3281},""time"":1734251030754}",,,,,
13500,Person,2024-12-15 17:23:53,2024-12-15 17:24:48,"{""box"":{""left"":2025,""right"":2406,""top"":2237,""bottom"":3541},""time"":1734251033099},{""box"":{""left"":2025,""right"":2406,""top"":2237,""bottom"":3541},""time"":1734251035031},{""box"":{""left"":2025,""right"":2406,""top"":2237,""bottom"":3541},""time"":1734251036182},{""box"":{""left"":2025,""right"":2406,""top"":2237,""bottom"":3541},""time"":1734251037031},{""box"":{""left"":2025,""right"":2406,""top"":2237,""bottom"":3541},""time"":1734251038014},{""box"":{""left"":2025,""right"":2406,""top"":2237,""bottom"":3541},""time"":1734251039033},{""box"":{""left"":2025,""right"":2406,""top"":2237,""bottom"":3541},""time"":1734251040021},{""box"":{""left"":2025,""right"":2406,""top"":2237,""bottom"":3541},""time"":1734251041049},{""box"":{""left"":2025,""right"":2406,""top"":2237,""bottom"":3541},""time"":1734251042028},{""box"":{""left"":2025,""right"":2406,""top"":2237,""bottom"":3541},""time"":1734251043055},{""box"":{""left"":2025,""right"":2406,""top"":2237,""bottom"":3541},""time"":1734251044125},{""box"":{""left"":2025,""right"":2406,""top"":2237,""bottom"":3541},""time"":1734251045148},{""box"":{""left"":2025,""right"":2406,""top"":2237,""bottom"":3541},""time"":1734251046014},{""box"":{""left"":2025,""right"":2406,""top"":2237,""bottom"":3541},""time"":1734251047055},{""box"":{""left"":2025,""right"":2406,""top"":2237,""bottom"":3541},""time"":1734251048075},{""box"":{""left"":2025,""right"":2406,""top"":2237,""bottom"":3541},""time"":1734251049041},{""box"":{""left"":2025,""right"":2406,""top"":2237,""bottom"":3541},""time"":1734251050074},{""box"":{""left"":2025,""right"":2406,""top"":2237,""bottom"":3541},""time"":1734251051108},{""box"":{""left"":2025,""right"":2406,""top"":2237,""bottom"":3541},""time"":1734251052018},{""box"":{""left"":2025,""right"":2406,""top"":2237,""bottom"":3541},""time"":1734251053025},{""box"":{""left"":2025,""right"":2406,""top"":2237,""bottom"":3541},""time"":1734251054054},{""box"":{""left"":2025,""right"":2406,""top"":2237,""bottom"":3541},""time"":1734251055004},{""box"":{""left"":2025,""right"":2406,""top"":2237,""bottom"":3541},""time"":1734251056025},{""box"":{""left"":2025,""right"":2406,""top"":2237,""bottom"":3541},""time"":1734251057048},{""box"":{""left"":2025,""right"":2406,""top"":2237,""bottom"":3541},""time"":1734251058013},{""box"":{""left"":2025,""right"":2406,""top"":2237,""bottom"":3541},""time"":1734251059045},{""box"":{""left"":2025,""right"":2406,""top"":2237,""bottom"":3541},""time"":1734251060040},{""box"":{""left"":2025,""right"":2406,""top"":2237,""bottom"":3541},""time"":1734251061004},{""box"":{""left"":2025,""right"":2406,""top"":2237,""bottom"":3541},""time"":1734251062037},{""box"":{""left"":2025,""right"":2406,""top"":2237,""bottom"":3541},""time"":1734251063010},{""box"":{""left"":2025,""right"":2406,""top"":2237,""bottom"":3541},""time"":1734251064021},{""box"":{""left"":2025,""right"":2406,""top"":2237,""bottom"":3541},""time"":1734251065048},{""box"":{""left"":2025,""right"":2406,""top"":2237,""bottom"":3541},""time"":1734251066012},{""box"":{""left"":2025,""right"":2406,""top"":2237,""bottom"":3541},""time"":1734251067048},{""box"":{""left"":2025,""right"":2406,""top"":2237,""bottom"":3541},""time"":1734251068004},{""box"":{""left"":2025,""right"":2406,""top"":2237,""bottom"":3541},""time"":1734251069015},{""box"":{""left"":2025,""right"":2406,""top"":2237,""bottom"":3541},""time"":1734251070042},{""box"":{""left"":2025,""right"":2406,""top"":2237,""bottom"":3541},""time"":1734251071009},{""box"":{""left"":2025,""right"":2406,""top"":2237,""bottom"":3541},""time"":1734251072023},{""box"":{""left"":2025,""right"":2406,""top"":2237,""bottom"":3541},""time"":1734251073044},{""box"":{""left"":2025,""right"":2406,""top"":2237,""bottom"":3541},""time"":1734251074080},{""box"":{""left"":2025,""right"":2406,""top"":2237,""bottom"":3541},""time"":1734251075037},{""box"":{""left"":2025,""right"":2406,""top"":2237,""bottom"":3541},""time"":1734251076008},{""box"":{""left"":2025,""right"":2406,""top"":2237,""bottom"":3541},""time"":1734251077032},{""box"":{""left"":2025,""right"":2406,""top"":2237,""bottom"":3541},""time"":1734251078002},{""box"":{""left"":2025,""right"":2406,""top"":2237,""bottom"":3541},""time"":1734251079023},{""box"":{""left"":2025,""right"":2406,""top"":2237,""bottom"":3541},""time"":1734251080001},{""box"":{""left"":2025,""right"":2406,""top"":2237,""bottom"":3541},""time"":1734251081024},{""box"":{""left"":2025,""right"":2406,""top"":2237,""bottom"":3541},""time"":1734251082054},{""box"":{""left"":2025,""right"":2406,""top"":2237,""bottom"":3541},""time"":1734251083024},{""box"":{""left"":2025,""right"":2406,""top"":2237,""bottom"":3541},""time"":1734251084057},{""box"":{""left"":2025,""right"":2406,""top"":2237,""bottom"":3541},""time"":1734251085019},{""box"":{""left"":2025,""right"":2406,""top"":2237,""bottom"":3541},""time"":1734251086045},{""box"":{""left"":2025,""right"":2406,""top"":2237,""bottom"":3541},""time"":1734251087018},{""box"":{""left"":2025,""right"":2406,""top"":2237,""bottom"":3541},""time"":1734251088673}",,,,,
13501,Person,2024-12-15 17:23:53,2024-12-15 17:24:05,"{""box"":{""left"":5287,""right"":1937,""top"":5487,""bottom"":3385},""time"":1734251033954},{""box"":{""left"":5287,""right"":1937,""top"":5487,""bottom"":3385},""time"":1734251035035},{""box"":{""left"":5287,""right"":1937,""top"":5487,""bottom"":3385},""time"":1734251044013}",,,,,
13502,Person,2024-12-15 17:23:55,2024-12-15 17:23:56,"{""box"":{""left"":8987,""right"":3854,""top"":9574,""bottom"":6312},""time"":1734251035945}",,,,,
13503,Person,2024-12-15 17:24:02,2024-12-15 17:24:02,"{""box"":{""left"":6250,""right"":2062,""top"":6462,""bottom"":3552},""time"":1734251042033}",,,,,
13504,Person,2024-12-15 17:24:03,2024-12-15 17:24:52,"{""box"":{""left"":5962,""right"":2812,""top"":6349,""bottom"":4541},""time"":1734251043908},{""box"":{""left"":5962,""right"":2812,""top"":6349,""bottom"":4541},""time"":1734251044031},{""box"":{""left"":5962,""right"":2812,""top"":6349,""bottom"":4541},""time"":1734251045156},{""box"":{""left"":5962,""right"":2812,""top"":6349,""bottom"":4541},""time"":1734251046023},{""box"":{""left"":5962,""right"":2812,""top"":6349,""bottom"":4541},""time"":1734251047062},{""box"":{""left"":5962,""right"":2812,""top"":6349,""bottom"":4541},""time"":1734251048021},{""box"":{""left"":5962,""right"":2812,""top"":6349,""bottom"":4541},""time"":1734251049678},{""box"":{""left"":5962,""right"":2812,""top"":6349,""bottom"":4541},""time"":1734251050078},{""box"":{""left"":5962,""right"":2812,""top"":6349,""bottom"":4541},""time"":1734251051112},{""box"":{""left"":5962,""right"":2812,""top"":6349,""bottom"":4541},""time"":1734251052027},{""box"":{""left"":5962,""right"":2812,""top"":6349,""bottom"":4541},""time"":1734251053033},{""box"":{""left"":5962,""right"":2812,""top"":6349,""bottom"":4541},""time"":1734251054061},{""box"":{""left"":5962,""right"":2812,""top"":6349,""bottom"":4541},""time"":1734251055009},{""box"":{""left"":5962,""right"":2812,""top"":6349,""bottom"":4541},""time"":1734251056030},{""box"":{""left"":5962,""right"":2812,""top"":6349,""bottom"":4541},""time"":1734251057053},{""box"":{""left"":5962,""right"":2812,""top"":6349,""bottom"":4541},""time"":1734251058018},{""box"":{""left"":5962,""right"":2812,""top"":6349,""bottom"":4541},""time"":1734251059225},{""box"":{""left"":5962,""right"":2812,""top"":6349,""bottom"":4541},""time"":1734251060227},{""box"":{""left"":5962,""right"":2812,""top"":6349,""bottom"":4541},""time"":1734251061068},{""box"":{""left"":5962,""right"":2812,""top"":6349,""bottom"":4541},""time"":1734251062046},{""box"":{""left"":5962,""right"":2812,""top"":6349,""bottom"":4541},""time"":1734251063072},{""box"":{""left"":5962,""right"":2812,""top"":6349,""bottom"":4541},""time"":1734251064015},{""box"":{""left"":5962,""right"":2812,""top"":6349,""bottom"":4541},""time"":1734251065058},{""box"":{""left"":5962,""right"":2812,""top"":6349,""bottom"":4541},""time"":1734251066069},{""box"":{""left"":5962,""right"":2812,""top"":6349,""bottom"":4541},""time"":1734251067056},{""box"":{""left"":5962,""right"":2812,""top"":6349,""bottom"":4541},""time"":1734251068014},{""box"":{""left"":5962,""right"":2812,""top"":6349,""bottom"":4541},""time"":1734251069181},{""box"":{""left"":5962,""right"":2812,""top"":6349,""bottom"":4541},""time"":1734251070047},{""box"":{""left"":5962,""right"":2812,""top"":6349,""bottom"":4541},""time"":1734251071068},{""box"":{""left"":5962,""right"":2812,""top"":6349,""bottom"":4541},""time"":1734251072029},{""box"":{""left"":5962,""right"":2812,""top"":6349,""bottom"":4541},""time"":1734251073049},{""box"":{""left"":5962,""right"":2812,""top"":6349,""bottom"":4541},""time"":1734251074076},{""box"":{""left"":5962,""right"":2812,""top"":6349,""bottom"":4541},""time"":1734251075389},{""box"":{""left"":5962,""right"":2812,""top"":6349,""bottom"":4541},""time"":1734251076004},{""box"":{""left"":5962,""right"":2812,""top"":6349,""bottom"":4541},""time"":1734251077093},{""box"":{""left"":5962,""right"":2812,""top"":6349,""bottom"":4541},""time"":1734251078120},{""box"":{""left"":5962,""right"":2812,""top"":6349,""bottom"":4541},""time"":1734251079140},{""box"":{""left"":5962,""right"":2812,""top"":6349,""bottom"":4541},""time"":1734251080006},{""box"":{""left"":5962,""right"":2812,""top"":6349,""bottom"":4541},""time"":1734251081076},{""box"":{""left"":5962,""right"":2812,""top"":6349,""bottom"":4541},""time"":1734251082057},{""box"":{""left"":5962,""right"":2812,""top"":6349,""bottom"":4541},""time"":1734251083027},{""box"":{""left"":5962,""right"":2812,""top"":6349,""bottom"":4541},""time"":1734251084060},{""box"":{""left"":5962,""right"":2812,""top"":6349,""bottom"":4541},""time"":1734251085713},{""box"":{""left"":5962,""right"":2812,""top"":6349,""bottom"":4541},""time"":1734251086118},{""box"":{""left"":5962,""right"":2812,""top"":6349,""bottom"":4541},""time"":1734251087028},{""box"":{""left"":5962,""right"":2812,""top"":6349,""bottom"":4541},""time"":1734251088035},{""box"":{""left"":5962,""right"":2812,""top"":6349,""bottom"":4541},""time"":1734251089016},{""box"":{""left"":5962,""right"":2812,""top"":6349,""bottom"":4541},""time"":1734251090087},{""box"":{""left"":5962,""right"":2812,""top"":6349,""bottom"":4541},""time"":1734251091046},{""box"":{""left"":5962,""right"":2812,""top"":6349,""bottom"":4541},""time"":1734251092002}",,,,,
13505,Person,2024-12-15 17:24:07,2024-12-15 17:24:10,"{""box"":{""left"":5281,""right"":1967,""top"":5487,""bottom"":3394},""time"":1734251047909}",,,,,
13506,Person,2024-12-15 17:24:08,2024-12-15 17:24:11,"{""box"":{""left"":3550,""right"":3395,""top"":3937,""bottom"":5375},""time"":1734251048825},{""box"":{""left"":3550,""right"":3395,""top"":3937,""bottom"":5375},""time"":1734251049683},{""box"":{""left"":3550,""right"":3395,""top"":3937,""bottom"":5375},""time"":1734251050086},{""box"":{""left"":3550,""right"":3395,""top"":3937,""bottom"":5375},""time"":1734251051002}",,,,,
13507,Person,2024-12-15 17:24:10,2024-12-15 17:24:11,"{""box"":{""left"":6287,""right"":1833,""top"":6549,""bottom"":3468},""time"":1734251050835},{""box"":{""left"":6287,""right"":1833,""top"":6549,""bottom"":3468},""time"":1734251051006}",,,,,
13508,Person,2024-12-15 17:24:12,2024-12-15 17:24:13,"{""box"":{""left"":5924,""right"":2052,""top"":6200,""bottom"":3427},""time"":1734251052029},{""box"":{""left"":5924,""right"":2052,""top"":6200,""bottom"":3427},""time"":1734251053037}",,,,,
13509,Person,2024-12-15 17:24:13,2024-12-15 17:24:14,"{""box"":{""left"":1011,""right"":5791,""top"":1668,""bottom"":8519},""time"":1734251053265},{""box"":{""left"":1011,""right"":5791,""top"":1668,""bottom"":8519},""time"":1734251054065}",,,,,
13510,Person,2024-12-15 17:24:13,2024-12-15 17:24:16,"{""box"":{""left"":1768,""right"":2614,""top"":2043,""bottom"":3781},""time"":1734251053663},{""box"":{""left"":1768,""right"":2614,""top"":2043,""bottom"":3781},""time"":1734251055012},{""box"":{""left"":1768,""right"":2614,""top"":2043,""bottom"":3781},""time"":1734251056032}",,,,,
13511,Person,2024-12-15 17:24:14,2024-12-15 17:24:15,"{""box"":{""left"":840,""right"":4983,""top"":1681,""bottom"":8191},""time"":1734251054125},{""box"":{""left"":840,""right"":4983,""top"":1681,""bottom"":8191},""time"":1734251055014}",,,,,
13512,Person,2024-12-15 17:24:14,2024-12-15 17:24:21,"{""box"":{""left"":5912,""right"":2072,""top"":6200,""bottom"":3427},""time"":1734251054070},{""box"":{""left"":5912,""right"":2072,""top"":6200,""bottom"":3427},""time"":1734251055016},{""box"":{""left"":5912,""right"":2072,""top"":6200,""bottom"":3427},""time"":1734251056035},{""box"":{""left"":5912,""right"":2072,""top"":6200,""bottom"":3427},""time"":1734251057056},{""box"":{""left"":5912,""right"":2072,""top"":6200,""bottom"":3427},""time"":1734251058020},{""box"":{""left"":5912,""right"":2072,""top"":6200,""bottom"":3427},""time"":1734251059227},{""box"":{""left"":5912,""right"":2072,""top"":6200,""bottom"":3427},""time"":1734251060233},{""box"":{""left"":5912,""right"":2072,""top"":6200,""bottom"":3427},""time"":1734251061072}",,,,,
13514,Face,2024-12-15 17:24:20,2024-12-15 17:24:20,"{""box"":{""left"":3709,""right"":7577,""top"":4150,""bottom"":8219},""time"":1734251060353}","25,34",male,,,
13515,Face,2024-12-15 17:24:21,2024-12-15 17:24:21,"{""box"":{""left"":1659,""right"":8819,""top"":2073,""bottom"":9352},""time"":1734251061059}","25,34",male,,,
13516,Person,2024-12-15 17:24:25,2024-12-15 17:24:25,"{""box"":{""left"":5893,""right"":1864,""top"":6206,""bottom"":3458},""time"":1734251065115}",,,,,
13517,Person,2024-12-15 17:24:29,2024-12-15 17:24:32,"{""box"":{""left"":4183,""right"":7212,""top"":6000,""bottom"":10000},""time"":1734251069193},{""box"":{""left"":4183,""right"":7212,""top"":6000,""bottom"":10000},""time"":1734251070102},{""box"":{""left"":4183,""right"":7212,""top"":6000,""bottom"":10000},""time"":1734251071070},{""box"":{""left"":4183,""right"":7212,""top"":6000,""bottom"":10000},""time"":1734251072031}",,,,,
13518,Person,2024-12-15 17:24:30,2024-12-15 17:24:45,"{""box"":{""left"":6136,""right"":8250,""top"":7386,""bottom"":10000},""time"":1734251070104},{""box"":{""left"":6136,""right"":8250,""top"":7386,""bottom"":10000},""time"":1734251071072},{""box"":{""left"":6136,""right"":8250,""top"":7386,""bottom"":10000},""time"":1734251072033},{""box"":{""left"":6136,""right"":8250,""top"":7386,""bottom"":10000},""time"":1734251073001},{""box"":{""left"":6136,""right"":8250,""top"":7386,""bottom"":10000},""time"":1734251074084},{""box"":{""left"":6136,""right"":8250,""top"":7386,""bottom"":10000},""time"":1734251075505},{""box"":{""left"":6136,""right"":8250,""top"":7386,""bottom"":10000},""time"":1734251076013},{""box"":{""left"":6136,""right"":8250,""top"":7386,""bottom"":10000},""time"":1734251078122},{""box"":{""left"":6136,""right"":8250,""top"":7386,""bottom"":10000},""time"":1734251079147},{""box"":{""left"":6136,""right"":8250,""top"":7386,""bottom"":10000},""time"":1734251080130},{""box"":{""left"":6136,""right"":8250,""top"":7386,""bottom"":10000},""time"":1734251081083},{""box"":{""left"":6136,""right"":8250,""top"":7386,""bottom"":10000},""time"":1734251082051},{""box"":{""left"":6136,""right"":8250,""top"":7386,""bottom"":10000},""time"":1734251083029},{""box"":{""left"":6136,""right"":8250,""top"":7386,""bottom"":10000},""time"":1734251084052},{""box"":{""left"":6136,""right"":8250,""top"":7386,""bottom"":10000},""time"":1734251085022}",,,,,
13519,Person,2024-12-15 17:24:30,2024-12-15 17:24:33,"{""box"":{""left"":5906,""right"":2039,""top"":6200,""bottom"":3460},""time"":1734251070834}",,,,,
13520,Person,2024-12-15 17:24:32,2024-12-15 17:24:42,"{""box"":{""left"":6650,""right"":7980,""top"":7950,""bottom"":10000},""time"":1734251072944},{""box"":{""left"":6650,""right"":7980,""top"":7950,""bottom"":10000},""time"":1734251073054},{""box"":{""left"":6650,""right"":7980,""top"":7950,""bottom"":10000},""time"":1734251074087},{""box"":{""left"":6650,""right"":7980,""top"":7950,""bottom"":10000},""time"":1734251075508},{""box"":{""left"":6650,""right"":7980,""top"":7950,""bottom"":10000},""time"":1734251076015},{""box"":{""left"":6650,""right"":7980,""top"":7950,""bottom"":10000},""time"":1734251077100},{""box"":{""left"":6650,""right"":7980,""top"":7950,""bottom"":10000},""time"":1734251078125},{""box"":{""left"":6650,""right"":7980,""top"":7950,""bottom"":10000},""time"":1734251079149},{""box"":{""left"":6650,""right"":7980,""top"":7950,""bottom"":10000},""time"":1734251080009},{""box"":{""left"":6650,""right"":7980,""top"":7950,""bottom"":10000},""time"":1734251081085},{""box"":{""left"":6650,""right"":7980,""top"":7950,""bottom"":10000},""time"":1734251082000}",,,,,
13521,Person,2024-12-15 17:24:33,2024-12-15 17:24:37,"{""box"":{""left"":4893,""right"":7542,""top"":6215,""bottom"":10000},""time"":1734251073118},{""box"":{""left"":4893,""right"":7542,""top"":6215,""bottom"":10000},""time"":1734251074089},{""box"":{""left"":4893,""right"":7542,""top"":6215,""bottom"":10000},""time"":1734251075510},{""box"":{""left"":4893,""right"":7542,""top"":6215,""bottom"":10000},""time"":1734251076018},{""box"":{""left"":4893,""right"":7542,""top"":6215,""bottom"":10000},""time"":1734251077103}",,,,,
13522,Person,2024-12-15 17:24:38,2024-12-15 17:24:40,"{""box"":{""left"":1775,""right"":2750,""top"":1968,""bottom"":3760},""time"":1734251078755}",,,,,
13523,Person,2024-12-15 17:24:40,2024-12-15 17:24:42,"{""box"":{""left"":5868,""right"":2550,""top"":6205,""bottom"":4452},""time"":1734251080531},{""box"":{""left"":5868,""right"":2550,""top"":6205,""bottom"":4452},""time"":1734251081202},{""box"":{""left"":5868,""right"":2550,""top"":6205,""bottom"":4452},""time"":1734251082003}",,,,,
13524,Person,2024-12-15 17:24:50,2024-12-15 17:24:52,"{""box"":{""left"":2056,""right"":2509,""top"":2425,""bottom"":4082},""time"":1734251090831},{""box"":{""left"":2056,""right"":2509,""top"":2425,""bottom"":4082},""time"":1734251091051},{""box"":{""left"":2056,""right"":2509,""top"":2425,""bottom"":4082},""time"":1734251092446}",,,,,
13525,Person,2024-12-15 17:24:52,2024-12-15 17:25:10,"{""box"":{""left"":1875,""right"":2447,""top"":2168,""bottom"":3687},""time"":1734251092899},{""box"":{""left"":1875,""right"":2447,""top"":2168,""bottom"":3687},""time"":1734251094263},{""box"":{""left"":1875,""right"":2447,""top"":2168,""bottom"":3687},""time"":1734251098042},{""box"":{""left"":1875,""right"":2447,""top"":2168,""bottom"":3687},""time"":1734251102050},{""box"":{""left"":1875,""right"":2447,""top"":2168,""bottom"":3687},""time"":1734251103015},{""box"":{""left"":1875,""right"":2447,""top"":2168,""bottom"":3687},""time"":1734251104048},{""box"":{""left"":1875,""right"":2447,""top"":2168,""bottom"":3687},""time"":1734251105004},{""box"":{""left"":1875,""right"":2447,""top"":2168,""bottom"":3687},""time"":1734251106009},{""box"":{""left"":1875,""right"":2447,""top"":2168,""bottom"":3687},""time"":1734251107021},{""box"":{""left"":1875,""right"":2447,""top"":2168,""bottom"":3687},""time"":1734251108044},{""box"":{""left"":1875,""right"":2447,""top"":2168,""bottom"":3687},""time"":1734251109045},{""box"":{""left"":1875,""right"":2447,""top"":2168,""bottom"":3687},""time"":1734251110014}",,,,,
13526,Person,2024-12-15 17:24:54,2024-12-15 17:25:01,"{""box"":{""left"":2537,""right"":3583,""top"":3224,""bottom"":6812},""time"":1734251094946},{""box"":{""left"":2537,""right"":3583,""top"":3224,""bottom"":6812},""time"":1734251097013},{""box"":{""left"":2537,""right"":3583,""top"":3224,""bottom"":6812},""time"":1734251098047},{""box"":{""left"":2537,""right"":3583,""top"":3224,""bottom"":6812},""time"":1734251099013},{""box"":{""left"":2537,""right"":3583,""top"":3224,""bottom"":6812},""time"":1734251100025},{""box"":{""left"":2537,""right"":3583,""top"":3224,""bottom"":6812},""time"":1734251101039}",,,,,
13527,Person,2024-12-15 17:25:03,2024-12-15 17:25:03,"{""box"":{""left"":1905,""right"":2916,""top"":2180,""bottom"":3760},""time"":1734251103023}",,,,,